3 
19 
23 
27 
39 
43 
45 
49 
51 
55 
57 
61 
63 
67 
69 
73 
77 
81 
89 
91 
101 
103 
107 
109 
113 
117 
119 
121 
125 
129 
141 
147 
149 
153 
163 
169 
177 
181 
183 
185 
187 
191 
195 
199 
203 
207 
211 
217 
219 
225 
233 
235 
241 
243 
245 
255 
257 
261 
263 
265 
275 
277 
291 
295 
313 
349 
351 
353 
357 
369 
371 
381 
389 
399 
415 
427 
429 
431 
433 
435 
443 
449 
455 
457 
459 
477 
489 
493 
501 
507 
509 
511 
513 
517 
521 
527 
533 
541 
545 
549 
563 
569 
571 
573 
579 
587 
589 
595 
597 
603 
611 
615 
617 
619 
623 
627 
629 
633 
637 
639 
647 
651 
653 
655 
657 
661 
663 
667 
677 
681 
685 
687 
691 
693 
703 
707 
709 
717 
723 
727 
729 
731 
739 
741 
747 
749 
751 
761 
767 
771 
775 
785 
791 
793 
797 
801 
803 
807 
811 
817 
831 
841 
845 
853 
855 
859 
861 
875 
877 
881 
885 
887 
891 
899 
901 
903 
913 
917 
919 
925 
927 
929 
935 
937 
941 
949 
951 
961 
967 
971 
973 
975 
979 
985 
989 
991 
993 
995 
999 
1001 
1003 
1011 
1017 
1027 
1029 
1033 
1035 
1039 
1043 
1071 
1073 
1075 
1083 
1085 
1097 
1101 
1107 
1109 
1111 
1113 
1123 
1137 
1139 
1149 
1163 
1167 
1169 
1173 
1175 
1177 
1179 
1183 
1189 
1191 
1195 
1197 
