33 89 93 
7 89 93 
17 89 93 
19 89 93 
87 89 93 
93 103 105 
6 93 105 
16 93 105 
16 69 93 
45 102 129 
59 93 102 
7 77 129 
16 25 93 
93 102 129 
7 93 129 
75 93 129 
87 93 129 
93 103 107 
16 87 93 
6 93 107 
74 93 107 
93 107 123 
93 111 123 
83 93 123 
83 93 101 
18 83 93 
27 83 93 
32 83 93 
32 93 139 
3 32 93 
3 11 93 
3 61 93 
3 21 93 
1 3 93 
3 93 95 
49 93 95 
15 93 115 
55 95 137 
39 93 115 
55 93 115 
55 93 95 
67 93 95 
0 93 
31 93 95 
47 93 
5 93 
57 93 
60 93 
61 93 119 
93 127 
33 93 
23 32 93 
87 93 
9 32 93 
0 32 85 
0 32 118 
9 118 
9 133 
9 35 
9 41 95 
9 66 95 
9 66 
9 22 40 
9 22 
9 41 
9 40 71 
9 40 126 
9 110 
9 37 40 
4 
56 
54 
