7 9 11 
1 3 5 6 9 11 13 15 17 19 21 
2 6 9 
1 2 5 6 8 11 13 15 17 19 21 23 25 27 28 31 33 35 37 39 45 
1 2 5 6 8 11 12 15 17 19 21 23 25 27 28 31 33 35 37 39 45 
2 8 12 
2 8 15 
1 2 5 6 8 11 13 14 17 21 23 25 27 28 31 33 35 37 39 45 
1 2 5 8 11 13 14 17 21 23 25 27 28 31 33 34 37 39 45 
0 2 11 
1 2 5 8 11 13 14 17 21 23 25 27 28 31 33 34 36 39 45 
1 2 4 8 11 13 14 17 18 34 36 
1 2 5 8 11 13 14 17 21 23 25 26 28 31 33 34 36 39 45 
1 2 5 8 11 13 16 18 21 23 25 26 28 31 33 34 36 39 45 
1 2 5 8 11 13 14 19 21 23 25 26 28 31 33 34 36 39 45 
1 2 5 8 11 13 14 16 21 23 25 26 28 31 33 34 37 39 45 
1 2 5 8 11 13 14 17 21 23 25 26 28 31 33 34 37 39 45 
1 2 5 8 11 13 14 17 20 23 25 26 28 31 33 34 37 39 45 
1 2 5 8 11 13 14 17 20 26 34 36 
1 2 5 8 11 13 14 18 26 34 36 
1 2 5 8 11 13 14 19 26 34 36 
1 2 5 8 11 13 14 16 20 23 25 26 28 31 33 34 37 39 45 49 
1 2 5 8 11 13 14 20 23 25 26 28 31 33 34 37 39 45 
1 2 5 6 8 11 13 14 20 23 25 26 28 31 33 34 37 39 48 
1 2 5 6 8 11 13 14 20 23 25 26 28 31 33 34 37 39 43 
1 2 5 6 8 11 13 14 20 25 28 31 
1 2 5 7 8 11 13 14 20 25 28 31 
1 2 5 8 11 13 14 18 21 23 25 26 28 31 33 34 37 39 42 
1 2 5 8 11 13 14 18 21 23 25 26 28 31 33 34 37 39 49 
1 2 5 8 11 13 14 18 26 31 34 
1 2 5 8 11 13 14 19 26 31 34 
1 2 5 8 11 13 14 16 19 34 36 
1 2 5 8 11 13 14 17 19 34 36 
1 2 5 6 8 11 13 14 19 31 33 34 
1 2 5 7 8 11 13 14 16 19 27 
1 2 5 7 8 11 13 14 17 19 34 
1 2 5 7 8 11 13 14 16 18 27 
1 2 5 6 8 11 13 14 16 27 33 34 
1 2 5 6 8 11 13 14 19 21 23 25 27 28 31 32 34 37 39 44 
1 2 5 6 8 11 13 14 16 19 34 38 
1 2 5 6 8 11 13 14 19 21 23 25 27 28 31 32 34 37 39 48 
1 2 5 6 8 11 13 14 19 32 34 
1 2 5 6 8 11 13 14 16 32 34 
1 2 5 7 8 11 13 14 17 18 27 
1 2 5 6 8 11 13 14 17 28 32 34 
1 2 5 8 11 13 14 17 27 29 34 
1 2 5 8 11 13 14 17 18 22 28 
1 2 5 8 11 13 14 17 21 23 25 27 28 31 33 34 37 39 47 49 
1 2 5 6 8 11 13 14 17 27 33 34 
1 2 5 7 8 11 13 14 16 19 21 23 25 26 29 30 32 34 37 39 48 
1 2 5 7 8 11 13 14 19 32 34 
1 2 5 7 8 11 13 14 30 32 34 
1 2 5 7 8 11 13 14 21 23 25 26 29 30 33 34 37 39 41 43 
1 2 5 7 8 11 13 14 21 23 25 26 29 30 33 34 37 39 41 
1 2 5 7 8 11 13 14 21 25 34 
1 2 5 7 8 11 13 14 20 23 25 26 29 30 33 34 37 39 40 
1 2 5 7 8 11 13 14 16 25 34 
1 2 5 7 8 11 13 14 16 20 23 24 26 29 30 33 34 37 39 47 
1 2 5 7 8 11 13 14 18 24 29 34 
1 2 5 7 8 11 13 14 16 20 23 24 26 28 30 33 34 37 39 59 
1 2 5 7 8 11 13 14 18 20 23 24 26 28 30 33 34 37 39 58 
1 2 5 7 8 11 13 14 18 21 23 24 26 28 30 33 34 37 39 59 
1 2 5 7 8 11 13 14 18 21 23 24 26 28 30 33 34 37 39 58 
1 2 5 7 8 11 13 14 18 28 34 38 
1 2 5 7 8 11 13 14 22 28 34 
1 2 5 7 8 11 13 14 19 34 38 
1 2 5 7 8 11 13 14 19 24 34 
1 2 5 7 8 11 13 14 17 18 20 22 25 26 29 30 33 34 37 39 58 
1 2 5 7 8 11 13 14 17 20 22 25 26 29 30 33 34 37 39 46 
1 2 5 7 8 11 13 14 17 22 25 
1 2 5 7 8 11 13 14 17 20 25 34 
1 2 5 7 8 11 13 14 17 20 28 30 
1 2 5 8 11 13 14 17 20 30 32 34 
1 2 5 8 11 13 14 17 30 32 34 
1 2 5 8 11 13 14 17 19 30 34 
1 2 5 6 8 11 13 14 19 29 34 
1 2 5 8 11 13 14 19 21 23 25 26 28 30 33 34 37 39 42 
1 2 5 6 8 11 13 14 19 21 23 25 26 28 30 33 34 37 39 47 
1 2 5 8 11 13 14 19 21 23 25 26 28 30 33 34 37 39 49 
1 2 5 6 8 11 13 14 19 21 26 34 
1 2 5 6 8 11 13 14 19 20 23 25 26 28 30 33 34 37 39 48 
1 2 5 6 8 11 13 14 19 20 23 25 26 28 30 33 34 37 39 46 
1 2 5 8 11 13 14 16 19 20 23 25 26 28 30 33 34 37 39 47 
1 2 5 6 8 11 13 14 19 24 34 
1 2 5 6 8 11 13 14 19 22 34 
1 2 5 6 8 11 13 14 21 22 24 26 29 30 33 34 37 38 43 
1 2 5 6 8 11 13 14 21 22 24 26 29 30 33 34 37 38 59 
1 2 5 6 8 11 13 14 21 22 24 26 29 30 33 34 37 38 53 
1 2 5 6 8 11 13 14 21 22 24 26 29 30 33 34 37 38 55 
1 2 5 6 8 11 13 14 21 22 30 
1 2 5 6 8 11 13 14 18 22 30 
1 2 5 8 11 13 14 18 20 23 24 26 29 30 33 34 37 38 52 
1 2 5 6 8 11 13 14 18 20 23 24 26 29 30 33 34 37 38 54 
1 2 5 6 8 11 13 14 18 20 38 
1 2 5 8 11 13 14 18 20 23 24 26 29 30 33 34 37 39 58 
1 2 5 6 8 11 13 14 18 20 23 24 26 29 30 33 34 37 39 46 
1 2 5 6 8 11 13 14 18 24 29 34 
1 2 5 6 8 11 13 14 18 29 34 
1 2 5 8 11 13 14 16 18 20 23 25 26 28 30 33 34 37 39 42 
1 2 5 6 8 11 13 14 16 18 20 23 25 26 28 30 33 34 37 39 43 
1 2 5 8 11 13 14 18 21 23 25 26 28 30 33 34 37 39 42 
1 2 5 6 8 11 13 14 21 23 25 26 28 30 33 34 37 39 43 
1 2 5 8 11 13 14 21 23 25 26 28 30 33 34 37 38 43 
1 2 5 8 11 13 14 21 25 30 38 
1 2 5 8 11 13 14 18 21 23 24 26 28 30 33 34 37 38 47 
1 2 5 8 11 13 14 18 28 30 34 38 
1 2 5 8 11 13 14 18 21 23 24 26 28 30 33 34 37 39 46 
1 2 5 6 8 11 13 14 18 21 24 34 
1 2 5 6 8 11 13 14 16 18 24 34 
1 2 5 8 11 13 14 17 20 24 28 30 
1 2 5 8 11 13 14 17 20 28 30 34 
1 2 5 7 8 11 13 14 17 19 20 23 24 26 29 31 32 35 37 39 43 
1 2 5 7 8 11 13 14 17 19 20 24 
1 2 5 7 8 11 13 14 17 19 32 37 
1 2 5 7 8 11 13 14 17 19 21 23 24 26 29 31 32 35 36 39 42 
1 2 5 7 8 11 13 14 17 19 31 32 
1 2 5 7 8 11 13 14 17 19 32 
1 2 5 7 8 11 13 14 17 19 24 30 
1 2 5 7 8 11 13 14 17 19 30 
1 2 5 7 8 11 13 14 17 19 25 
1 2 5 7 8 11 13 14 17 19 21 23 24 26 29 31 33 35 36 39 43 
1 2 5 7 8 11 13 14 17 19 21 23 24 26 29 31 33 35 36 39 42 
1 2 5 7 8 11 13 14 17 19 21 23 24 26 29 31 33 35 37 39 43 
1 2 5 7 8 11 13 14 17 19 29 37 
1 2 5 7 8 11 13 14 17 19 27 
1 2 5 7 8 11 13 14 17 19 22 
1 2 5 7 8 11 13 14 17 19 29 38 
1 2 5 7 8 11 13 14 17 19 21 23 24 26 28 31 33 35 36 38 47 
1 2 5 7 8 11 13 14 17 19 38 
1 2 5 7 8 11 13 14 17 19 28 
1 2 5 7 8 11 13 14 16 19 21 23 24 26 29 31 33 35 36 39 46 
1 2 5 7 8 11 13 14 19 21 23 24 26 29 31 33 35 36 39 42 
1 2 5 7 8 11 13 14 16 19 21 23 24 26 29 31 33 35 36 39 43 
1 2 5 7 8 11 13 14 19 21 23 24 26 29 31 33 35 37 39 46 
1 2 5 7 8 11 13 14 19 29 31 37 
1 2 5 7 8 11 13 14 19 21 23 25 26 29 31 33 35 36 39 42 
2 11 
1 2 5 7 8 10 13 14 16 19 21 23 25 26 29 31 33 35 36 39 43 
1 2 5 7 8 10 13 14 16 19 36 
2 16 
