19 41 
47 
41 
45 99 
25 99 
77 99 
9 35 
69 77 
7 77 
7 21 71 
7 27 
9 71 91 
9 37 71 
1 9 71 
1 9 
7 9 
73 
87 
9 
83 
53 57 
55 85 
57 
39 95 
17 39 
39 93 
39 89 
33 39 
39 59 
55 59 
58 64 
64 75 
64 
59 69 
36 69 
39 54 
36 39 
45 58 
58 96 
75 96 
1 36 54 
22 88 
22 75 
58 89 
75 89 
20 48 
48 88 
21 75 
21 
71 
27 32 
27 
30 36 74 
0 15 30 
15 30 33 
30 74 
1 74 
15 58 74 
58 74 
14 17 
14 33 
33 37 
32 37 77 
26 32 77 
32 89 
85 
26 77 
17 
2 
60 
89 91 
74 91 
59 74 99 
59 99 
33 36 75 
53 
75 93 
59 80 
4 75 
59 91 
78 
4 88 
50 
26 62 
35 36 59 
12 
28 88 
45 
7 59 
35 59 
10 37 
10 
19 54 
25 
95 
22 26 
93 
16 42 
14 36 74 
14 36 59 
30 36 
1 36 
91 
36 80 
99 
35 36 
19 
14 36 
1 15 
15 80 
35 
31 69 
69 90 
0 30 
0 80 
80 
7 
4 
