19 41 
47 
41 
133 
45 99 
25 99 
77 99 
27 35 99 
35 85 109 
99 135 137 
99 105 139 
7 21 71 
7 21 91 
7 109 
7 129 
7 9 
7 21 
69 95 
1 83 
1 21 75 
39 53 93 
85 87 125 
37 87 
87 113 
1 87 
32 85 93 
32 87 93 
39 73 
39 87 
87 
57 
17 111 
21 55 
137 
21 32 
21 26 119 
21 97 119 
21 119 
21 
17 
95 
27 
96 
105 
15 66 
102 112 
59 102 
89 113 
50 
109 
58 89 118 
58 89 112 
112 119 
119 124 
39 74 
33 124 138 
75 139 
33 75 118 
33 36 75 
33 75 
33 37 
33 35 36 
35 59 
32 122 125 
32 119 139 
73 125 
73 
74 91 124 
53 138 
32 93 
36 58 74 
15 129 138 
4 58 
60 125 
54 91 
91 115 
58 78 
37 55 74 
15 58 74 
58 74 
0 14 106 
106 
1 54 
126 
37 120 
45 58 
62 138 
14 42 114 
42 55 75 
42 58 
14 36 54 
102 
2 14 
64 138 
19 54 
19 
111 115 
111 
0 22 114 
22 114 
22 88 
80 115 
80 
14 36 
37 48 86 
39 115 
39 
114 129 
129 138 
30 115 
0 30 
100 114 
99 
9 
35 
10 114 
58 125 130 
30 
1 15 
2 114 
2 37 55 
2 55 
71 75 
83 
10 75 
36 114 
15 69 110 
69 90 110 
0 91 
91 
12 37 
37 56 116 
116 138 
58 120 
7 15 115 
7 15 110 
15 54 114 
85 
59 114 
54 114 
7 90 110 
14 118 
114 118 
37 55 124 
37 54 118 
100 138 
45 
37 55 59 
37 78 88 
2 32 119 
28 138 
42 138 
71 
2 58 
58 124 
12 125 
78 
116 
5 22 32 
22 32 118 
22 104 
16 100 104 
26 64 
4 16 
2 
32 112 
122 
25 
88 93 
93 
26 62 
28 
16 42 136 
75 124 
113 121 130 
130 
88 129 
26 118 129 
12 
55 89 
55 112 
33 55 
55 139 
55 124 
55 74 
55 59 
53 
