137 169 223 
93 169 223 
19 243 
169 223 
7 167 169 
41 197 
159 197 
147 159 
45 
25 99 
99 159 
143 159 
35 159 
159 247 
7 159 
91 159 
113 159 
37 159 
159 187 
159 167 
125 159 
159 177 
159 191 
69 135 
77 161 195 
47 175 241 
47 75 241 
47 173 241 
217 233 241 
249 
243 
133 
191 207 
135 191 
129 195 245 
195 233 241 
71 73 181 
1 71 73 
71 73 227 
135 
71 73 
71 237 
71 87 
71 83 
71 85 111 
9 71 
57 71 
71 109 
97 225 233 
71 201 
71 225 
71 97 149 
39 71 
71 
241 
129 231 
53 253 
53 85 
53 235 
55 231 235 
219 231 
21 97 219 
95 97 219 
119 211 219 
219 
161 174 
174 
119 210 
119 235 
95 119 
17 119 
96 119 
27 119 
105 119 
119 239 
119 199 
119 226 
112 119 
89 119 
119 124 
119 166 
119 176 
15 66 
0 66 
66 190 
1 33 36 
14 139 
14 36 190 
59 197 
36 74 197 
33 36 58 
36 58 171 
0 106 167 
106 
1 36 190 
50 138 167 
50 138 
26 50 175 
32 166 171 
125 204 
113 204 
130 203 234 
130 173 234 
121 130 200 
130 200 
130 148 173 
130 148 
130 238 
149 
120 
201 
172 238 
172 
202 
235 
239 
26 77 227 
26 77 
77 97 211 
27 
226 
204 238 
96 
124 162 198 
162 198 
112 125 
89 125 
89 113 
154 171 176 
139 154 171 
59 102 171 
54 118 217 
177 233 
41 121 175 
140 177 
124 161 177 
161 166 177 
57 125 
57 113 
124 171 223 
139 171 223 
171 250 
125 207 238 
207 238 
177 254 
88 113 254 
2 113 
2 
57 238 
112 182 
118 123 156 
9 
60 
17 88 
17 
80 89 
80 171 
53 118 
88 238 254 
238 254 
109 238 
112 126 
126 166 
124 126 
36 126 
124 167 176 
55 167 176 
55 118 171 
10 175 
73 125 
73 113 
73 
171 220 
171 208 
112 138 176 
138 166 176 
138 176 
88 95 167 
95 
20 48 
48 198 
48 227 
21 238 
199 
7 89 
62 118 238 
99 112 176 
89 111 
33 256 
112 143 
64 198 227 
237 238 
26 184 
144 176 
56 192 
176 187 
87 234 
78 238 
47 234 
118 164 
85 238 
91 112 124 
231 
54 118 178 
42 238 
228 
89 112 188 
253 
4 198 
141 169 175 
26 169 198 
140 
105 
118 176 195 
137 
39 89 
100 198 238 
112 176 247 
35 190 
89 152 
89 150 
225 234 238 
16 233 238 
5 22 198 
112 118 181 
114 176 
116 238 
69 89 
75 89 112 
56 159 173 
93 227 
12 
112 161 
147 176 
122 198 238 
30 112 166 
112 176 188 
28 88 
28 
75 112 171 
152 176 
69 171 
143 176 
176 247 
182 
7 139 
112 176 214 
111 171 
150 171 176 
153 171 258 
39 171 
19 54 
30 33 124 
30 166 
15 36 181 
91 118 166 
88 118 129 
176 214 
33 166 188 
75 166 176 
118 161 
129 238 
52 99 139 
37 112 
37 124 
37 118 166 
166 176 191 
152 171 
33 114 171 
139 147 
118 190 247 
118 143 171 
139 187 190 
144 171 
139 171 195 
166 171 195 
138 166 171 
75 166 171 
139 214 
150 166 171 
59 166 247 
139 166 191 
30 176 
176 188 
75 176 
91 176 
37 176 
37 139 
33 37 
1 190 
171 190 223 
138 156 
14 190 
37 118 190 
190 214 
0 53 138 
0 54 217 
37 154 190 
74 126 
161 
30 190 
59 147 171 
15 190 247 
0 178 
0 164 
7 74 
187 190 194 
151 187 190 
171 190 195 
62 138 
59 171 256 
114 171 194 
0 143 171 
55 171 190 
188 190 
37 75 190 
91 190 
15 181 
99 190 222 
150 171 190 
75 171 190 
124 138 171 
154 171 190 
32 119 139 
156 167 
124 167 171 
0 53 88 
62 177 
176 191 
118 139 191 
36 139 191 
33 36 191 
36 171 223 
14 36 171 
35 36 222 
59 214 
30 194 
30 215 
36 171 195 
187 222 
15 59 247 
118 171 191 
74 154 171 
36 55 171 
15 99 222 
74 91 
59 91 
36 75 171 
36 150 171 
59 188 
19 194 
19 155 
19 153 
66 99 215 
197 215 256 
171 215 256 
7 171 222 
7 171 215 
99 171 215 
99 171 
143 171 
102 171 
53 147 
53 160 
171 247 
171 188 
154 171 
55 171 
171 214 
1 171 
150 171 
171 223 
171 195 
147 171 
15 58 171 
91 194 
58 74 
69 115 
99 115 190 
99 190 
59 143 
143 194 
190 250 
102 190 
147 190 
114 190 
190 220 
58 190 
190 223 
119 150 190 
150 190 
80 222 
33 75 118 
75 124 
59 208 
144 222 
152 190 
39 151 
115 153 258 
111 222 
7 222 
59 256 
75 125 139 
75 166 
33 75 170 
75 119 190 
154 190 
55 190 
190 195 
37 170 190 
89 112 138 
112 138 
33 124 138 
33 138 166 
32 176 
7 194 
194 256 
188 194 250 
194 250 
37 102 194 
37 147 194 
194 220 247 
194 247 
1 194 223 
1 194 
14 150 194 
37 150 194 
37 59 223 
37 194 223 
114 222 
152 194 
194 208 
188 194 
194 214 
99 222 
102 194 
147 194 222 
14 36 194 
119 150 194 
119 194 223 
154 222 
55 222 
222 256 
102 
143 215 
222 250 
188 220 222 
188 222 
15 222 247 
1 222 
37 150 222 
0 147 222 
91 222 
220 222 
54 208 221 
214 222 
14 36 222 
119 150 222 
155 250 256 
155 215 256 
7 115 215 
188 215 220 
188 215 247 
15 188 215 
188 215 
1 215 
147 215 
54 215 247 
91 215 
126 215 
155 250 
54 187 215 
115 144 
111 155 
155 220 
30 189 
143 
1 54 
37 99 246 
35 246 
155 246 256 
7 115 
54 147 
0 155 256 
99 155 189 
155 197 
155 247 
91 246 
188 246 
126 
14 36 155 
36 54 214 
114 215 
114 155 246 
152 155 
115 197 256 
110 115 256 
54 119 250 
54 188 220 
54 220 247 
54 220 
14 54 154 
54 154 214 
54 119 154 
0 217 
14 55 215 
80 155 
155 187 215 
208 215 
147 155 
1 155 
208 246 
36 155 214 
55 151 
115 250 
215 247 
111 215 
215 220 
80 215 
187 215 
99 115 
30 36 
36 197 
36 115 147 
115 188 220 
36 247 
36 220 
1 36 
14 36 
36 119 214 
39 215 
115 147 
115 197 
115 220 
178 
35 186 189 
153 181 
91 189 
115 188 
217 
0 115 247 
15 115 247 
111 115 
115 208 
80 115 
115 187 
39 115 
69 119 153 
256 
7 
147 
99 
144 186 
110 153 250 
220 
188 
111 189 
208 
80 221 
153 187 
39 
115 152 
152 
258 
1 118 
118 247 
14 118 
114 118 
154 194 
55 194 
150 222 
54 154 
166 191 
74 223 
