19 
1 3 5 7 9 11 13 15 17 18 21 
1 2 
0 2 5 7 9 11 13 15 17 18 23 
0 2 5 7 8 11 13 15 17 18 39 
2 8 10 
2 8 16 
2 8 12 
5 7 8 11 13 15 17 18 21 23 25 27 29 31 33 35 37 38 41 
0 2 5 7 8 11 13 15 17 21 23 25 27 29 31 33 34 37 38 41 
0 2 5 7 8 11 13 15 17 21 23 25 26 29 31 33 35 37 38 43 
0 2 5 7 8 11 13 15 17 21 23 25 26 29 31 33 35 37 38 41 42 45 47 49 51 53 55 57 59 61 
0 5 7 8 11 13 15 17 18 21 23 25 26 29 31 33 35 37 38 45 
0 2 5 7 8 11 13 15 17 21 23 25 26 29 31 33 35 37 38 41 42 44 47 49 51 53 55 56 59 79 
0 2 5 7 8 11 13 15 17 21 23 25 26 29 31 33 35 37 38 41 42 44 47 49 51 53 54 56 59 61 67 
0 2 5 7 8 11 13 15 17 21 23 25 26 29 31 33 35 37 38 50 
0 2 5 7 8 11 13 15 17 21 23 25 26 29 31 33 35 37 38 41 42 44 47 49 51 52 55 56 59 79 
0 2 5 7 8 11 13 15 17 21 23 25 26 29 31 33 35 37 38 41 42 44 47 49 51 52 54 56 59 67 
0 2 5 7 8 11 13 15 17 21 23 25 26 29 31 33 35 37 38 41 42 44 47 49 51 52 54 57 59 71 
0 2 5 7 8 11 13 15 17 21 23 25 26 29 31 33 35 37 38 41 42 44 47 49 51 52 54 57 59 61 67 
0 2 5 7 8 11 13 15 17 21 23 25 26 29 31 33 35 37 38 41 42 44 46 49 51 52 54 57 59 61 
0 2 5 7 8 11 13 15 17 21 23 25 26 29 31 33 35 37 38 41 42 44 46 49 51 53 54 57 59 61 
0 2 5 7 8 11 13 15 17 21 23 25 26 29 31 33 35 37 38 41 42 44 47 49 51 53 54 57 59 61 67 
0 2 5 7 8 11 13 15 17 21 23 25 26 29 31 33 35 37 38 41 54 
0 2 5 7 8 11 13 15 17 21 23 25 26 29 31 33 35 37 38 41 42 44 47 49 51 53 55 57 59 79 
0 2 5 7 8 11 13 15 17 21 23 25 26 29 31 33 35 37 38 41 42 44 47 49 51 53 55 57 58 79 
0 2 5 7 8 11 13 15 17 21 23 25 26 29 31 33 35 37 38 41 42 44 46 49 51 53 55 57 58 79 
0 2 5 7 8 11 13 15 17 21 23 25 26 29 31 33 35 37 38 41 42 44 46 49 51 52 55 57 58 79 
0 2 5 7 8 11 13 15 17 21 23 25 26 29 31 33 35 37 38 41 42 44 47 49 51 52 55 57 58 79 
0 2 5 7 8 11 13 15 17 21 23 25 26 29 31 33 35 37 38 41 42 44 47 49 51 52 55 57 59 79 
0 2 5 7 8 11 13 15 17 21 23 25 26 29 31 33 35 37 38 59 
0 2 5 7 8 11 13 15 17 21 23 25 26 29 31 33 35 37 38 55 58 
0 3 5 7 8 11 13 15 17 18 21 23 25 26 29 31 33 35 37 38 43 
0 3 5 7 8 11 13 15 17 18 21 23 25 26 29 31 33 35 37 38 50 
0 3 5 7 8 11 13 15 17 21 23 25 26 29 31 33 35 37 38 41 52 
0 3 5 7 8 11 13 15 17 21 23 25 26 29 31 33 35 37 38 41 58 
0 3 5 7 8 11 13 15 17 21 23 25 26 29 31 33 35 37 38 41 54 
0 3 5 7 8 11 13 15 17 21 23 25 26 29 31 33 35 37 38 41 42 44 47 49 51 53 55 57 59 63 
0 3 5 7 8 11 13 15 17 21 23 25 26 29 31 33 35 37 38 41 42 44 47 49 51 53 55 57 59 62 
0 3 5 7 8 11 13 15 17 18 21 23 25 26 29 31 33 35 37 38 48 
0 3 5 7 8 11 13 15 17 18 21 23 25 26 29 31 33 35 37 38 56 59 
0 3 5 7 8 11 13 15 17 18 21 23 25 26 29 31 33 35 37 38 46 59 
0 3 5 7 8 11 13 15 17 18 36 
0 2 5 7 8 11 13 15 17 18 36 
0 3 5 7 11 12 15 17 18 21 23 25 27 29 31 33 35 36 38 45 
0 3 5 7 11 12 15 17 18 21 23 25 27 29 31 33 35 36 38 50 
0 3 5 7 11 12 15 17 18 21 23 25 27 29 31 33 35 36 38 41 43 44 46 48 51 52 54 56 58 75 
0 3 5 7 11 12 15 17 18 21 23 25 27 29 31 33 35 36 38 41 43 44 46 48 51 52 54 56 58 78 
0 3 5 7 11 12 15 17 18 21 23 25 27 29 31 33 35 36 38 41 43 44 46 48 51 52 54 56 58 67 
0 3 5 7 11 12 15 17 18 21 23 25 27 29 31 33 35 36 38 41 43 44 46 48 51 52 54 56 58 69 
0 3 5 7 11 12 15 17 18 21 23 25 27 29 31 33 35 36 38 48 
0 3 5 7 11 12 15 17 18 21 23 25 27 29 31 33 35 36 38 43 46 
0 3 5 7 11 12 15 17 18 21 23 25 27 29 31 33 35 36 38 41 42 44 46 49 51 52 54 56 58 68 
0 3 5 7 11 12 15 17 18 21 23 25 27 29 31 33 35 36 38 41 42 44 46 49 51 52 54 56 58 74 
0 3 5 7 11 12 15 17 18 21 23 25 27 29 31 33 35 36 38 41 42 44 46 49 51 52 54 56 58 60 
0 3 5 7 11 12 15 17 18 21 23 25 27 29 31 33 35 36 38 41 42 44 46 49 51 52 54 56 58 75 
0 3 5 7 11 12 15 17 18 21 23 25 27 29 31 33 35 36 38 57 
0 3 5 7 11 12 15 17 18 21 23 25 27 29 31 33 35 36 38 41 42 44 47 49 51 52 54 56 58 69 
0 3 5 7 11 12 15 17 18 21 23 25 27 29 31 33 35 36 38 41 42 44 47 49 51 52 54 56 58 68 
0 3 5 7 11 12 15 17 18 21 23 25 27 29 31 33 35 36 38 41 42 44 47 49 51 53 54 56 58 61 68 
0 3 5 7 11 12 15 17 18 21 23 25 27 29 31 33 35 36 38 42 53 
3 5 7 8 11 12 15 17 18 21 23 25 26 29 31 33 35 38 41 42 44 47 49 51 53 54 56 58 66 
3 5 7 8 11 12 15 17 18 21 23 25 26 29 31 33 35 38 56 58 
3 5 7 8 11 15 17 18 21 23 25 27 29 31 33 35 37 38 41 
0 3 5 7 11 12 15 17 18 21 23 25 26 29 31 33 35 37 38 41 42 44 46 49 51 53 54 57 58 74 
0 3 5 7 11 12 15 17 18 21 23 25 26 29 31 33 35 37 38 41 42 44 46 49 51 53 54 57 58 68 
0 3 5 7 11 12 15 17 21 23 25 26 29 31 33 35 37 38 41 46 
0 3 5 7 11 12 15 17 21 23 25 26 29 31 33 35 36 38 41 42 44 46 49 51 53 54 57 58 67 75 
3 5 7 8 11 15 17 18 21 23 25 26 29 31 33 35 36 38 46 
3 5 7 8 11 15 17 18 21 23 25 26 29 31 33 35 36 38 41 42 44 47 49 51 53 54 57 58 75 79 
3 5 7 8 11 15 17 18 21 23 25 26 29 31 33 35 36 38 41 42 44 47 49 51 53 54 57 58 66 
3 5 7 8 11 15 17 18 21 23 25 26 29 31 33 35 36 38 58 
3 5 7 8 11 15 17 18 21 23 25 26 29 31 33 35 36 38 54 
0 3 5 7 11 12 15 17 21 23 25 26 29 31 33 35 37 38 41 54 
0 3 5 7 11 12 15 17 18 21 23 25 27 29 31 33 35 36 38 41 42 44 47 49 51 52 54 56 59 67 
0 3 5 7 11 12 15 17 18 21 23 25 27 29 31 33 35 36 38 41 42 44 47 49 51 52 54 56 59 78 
0 3 5 7 11 12 15 17 18 21 23 25 27 29 31 33 35 36 38 42 59 
0 3 5 7 11 12 15 17 18 21 23 25 27 29 31 33 35 36 38 41 43 44 47 49 51 52 54 56 59 75 
0 3 5 7 11 12 15 17 18 21 23 25 27 29 31 33 35 36 38 41 43 44 47 49 51 52 54 56 59 69 
0 3 5 7 11 12 15 17 18 21 23 25 27 29 31 33 35 36 38 49 59 
0 3 5 7 11 12 15 17 18 21 23 25 27 29 31 33 35 36 38 43 49 
0 3 5 7 11 12 15 17 18 21 23 25 26 29 31 33 35 37 38 48 
0 3 5 7 11 12 15 17 18 21 23 25 26 29 31 33 35 37 38 43 
0 3 5 7 11 12 15 17 18 21 23 25 26 29 31 33 35 37 38 41 42 44 47 49 51 52 55 57 58 79 
0 3 5 7 11 12 15 17 18 21 23 25 26 29 31 33 35 37 38 41 42 44 47 49 51 52 55 57 58 66 74 
0 3 5 7 11 12 15 17 18 21 23 25 26 29 31 33 35 37 38 41 42 44 47 49 51 52 55 57 58 74 
0 3 5 7 11 12 15 17 21 23 25 26 29 31 33 35 37 38 41 42 44 47 49 51 52 55 57 58 68 
0 3 5 7 11 12 15 17 21 23 25 26 29 31 33 35 37 38 55 58 
0 3 5 7 11 12 15 17 21 23 25 26 29 31 33 35 37 38 41 52 
0 3 5 7 8 11 15 17 21 23 25 26 29 31 33 35 37 38 41 42 44 47 49 51 53 55 57 59 63 
0 3 5 7 8 11 15 17 21 23 25 26 29 31 33 35 37 38 41 42 44 47 49 51 53 55 57 59 69 
0 3 5 7 8 11 15 17 21 23 25 26 29 31 33 35 37 38 41 42 44 47 49 51 53 55 57 59 75 
0 3 5 7 8 11 15 17 21 23 25 26 29 31 33 35 37 38 41 42 44 47 49 51 53 55 57 59 74 
0 3 5 7 11 12 15 17 18 21 23 25 26 29 31 33 35 37 38 41 42 44 47 49 51 53 55 56 59 68 
0 3 5 7 11 12 15 17 18 21 23 25 26 29 31 33 35 37 38 41 42 44 47 49 51 53 55 56 59 62 
0 3 5 7 11 12 15 17 18 21 23 25 26 29 31 33 35 37 38 56 59 
0 3 5 7 11 12 15 17 18 21 23 25 26 29 31 33 35 37 38 50 
0 3 5 7 11 12 15 17 18 21 23 25 26 29 31 33 35 37 38 41 42 45 47 49 51 53 55 57 59 65 
0 3 5 7 11 12 15 17 18 21 23 25 26 29 31 33 35 37 38 41 42 45 47 49 51 53 55 57 59 73 
0 3 5 7 11 12 15 17 18 21 23 25 26 29 31 33 35 37 38 45 
0 3 5 7 11 12 15 17 18 21 23 25 27 29 31 33 35 36 38 41 42 44 46 49 51 52 55 56 58 64 
0 3 5 7 11 12 15 17 18 21 23 25 27 29 31 33 35 36 38 42 55 
3 5 7 8 11 15 17 18 21 23 25 26 29 31 33 35 36 38 41 42 44 47 49 51 52 55 56 59 72 
3 5 7 8 11 15 17 18 21 23 25 26 29 31 33 35 36 38 41 42 44 47 49 51 52 55 56 59 63 
3 5 7 8 11 15 17 18 21 23 25 26 29 31 33 35 36 38 41 42 44 47 49 51 52 55 56 59 69 
3 5 7 8 11 15 17 18 21 23 25 26 29 31 33 35 36 38 41 42 44 47 49 51 52 55 56 59 75 
3 5 7 8 11 15 17 18 21 23 25 26 29 31 33 35 36 38 56 
3 5 7 8 11 15 17 18 21 23 25 26 29 31 33 35 36 38 52 
0 3 5 7 11 12 15 17 21 23 25 26 29 31 33 35 36 38 57 
0 3 5 7 9 11 13 15 17 18 23 
3 5 7 9 12 15 17 18 21 23 27 29 35 37 38 43 47 51 53 55 
0 3 5 12 15 17 18 23 25 27 29 31 35 37 38 43 44 47 48 51 52 55 57 59 70 77 
0 3 5 12 15 17 18 21 23 25 27 29 31 35 37 38 41 43 51 55 
0 3 5 12 15 17 18 23 25 27 29 31 33 35 37 38 41 43 47 51 
0 3 5 12 15 17 18 23 27 29 31 35 37 38 43 51 57 59 
0 3 5 12 15 17 18 23 25 27 29 31 33 35 37 38 41 43 51 
5 7 9 12 15 18 21 23 27 29 31 33 37 38 43 46 57 58 
5 7 9 12 15 18 21 23 25 27 29 31 33 37 38 43 57 58 
5 7 9 12 15 18 21 23 25 27 29 31 33 37 38 43 57 
5 7 9 12 15 18 21 23 25 27 29 31 33 35 37 38 41 43 44 47 48 50 54 56 59 67 76 
5 7 9 12 15 18 21 23 25 27 29 31 33 37 38 41 43 44 47 48 50 52 54 56 59 67 68 
5 7 9 12 15 18 21 23 25 27 29 31 33 35 37 38 43 
0 3 5 7 12 15 18 23 25 27 29 31 33 35 37 38 41 42 44 47 50 52 54 56 59 62 68 
0 5 7 9 12 15 18 23 25 27 29 
0 7 
1 12 
1 3 5 7 8 11 13 15 17 18 25 
1 3 5 7 8 11 13 15 17 18 21 23 24 26 29 31 33 35 37 38 41 42 44 47 49 51 53 55 57 59 66 
1 3 5 7 8 11 13 18 24 26 31 33 35 37 38 41 42 44 47 49 51 53 55 57 59 63 74 
1 3 5 8 11 13 15 18 21 23 24 26 29 31 33 35 37 38 41 42 44 47 49 51 53 55 57 59 74 
1 3 5 7 8 11 15 18 21 23 24 26 29 31 33 35 37 38 41 42 44 47 49 51 53 55 57 59 68 
1 3 5 8 11 13 15 18 21 23 24 26 29 31 33 35 37 38 41 42 44 47 49 51 53 55 57 59 62 
3 5 7 8 11 13 15 17 18 21 23 24 26 29 31 35 37 38 47 59 
1 3 5 7 8 11 15 18 23 24 26 29 31 33 35 37 38 55 59 
3 5 7 11 13 15 17 18 21 23 24 26 29 31 33 35 37 38 55 
7 17 
1 3 5 6 8 11 13 15 17 18 29 35 
1 3 5 6 9 11 13 15 17 18 21 
1 3 5 8 11 13 15 17 18 28 35 
1 3 5 8 11 13 15 17 18 21 23 24 26 28 31 33 34 37 38 53 
1 17 
17 
3 6 8 11 13 15 16 18 21 23 24 26 28 31 33 34 37 38 41 42 44 46 49 51 52 54 57 58 72 
0 5 6 15 16 18 21 23 24 26 28 31 33 34 37 38 41 42 44 46 49 51 52 57 60 64 73 
0 3 5 6 8 15 18 21 24 26 28 31 34 37 38 41 42 44 46 49 51 52 54 57 58 63 69 71 
0 3 5 6 8 11 15 16 18 21 23 24 26 28 31 33 34 37 38 41 42 44 46 49 51 52 54 57 58 79 
0 3 5 6 11 13 15 16 18 21 23 24 26 28 31 33 34 37 38 41 42 44 46 49 51 52 57 58 66 78 
0 3 5 6 11 13 15 16 23 24 26 31 33 34 37 38 41 42 44 46 49 51 52 54 57 58 61 64 
0 3 5 6 8 13 15 16 18 21 23 24 26 28 31 33 34 37 38 41 42 44 46 49 51 52 54 57 58 61 78 
0 5 6 8 11 15 16 18 21 24 26 28 31 33 34 37 38 41 42 46 49 51 52 57 58 69 71 73 
0 3 5 6 8 11 13 16 18 21 23 24 26 31 33 34 37 38 41 42 44 46 49 51 52 54 57 58 62 
0 3 5 6 8 11 13 18 21 23 24 26 28 31 33 34 37 38 41 42 44 46 49 51 52 54 57 58 63 68 
3 5 8 11 13 15 16 18 21 23 24 26 28 31 33 37 38 41 42 44 46 49 51 52 54 57 58 69 74 78 
3 5 8 11 13 15 18 21 24 26 28 31 34 38 41 42 44 46 49 51 53 54 57 58 63 66 72 74 
0 3 5 6 11 15 18 21 23 24 26 31 33 34 37 38 41 42 44 46 49 51 53 54 57 58 66 74 
5 8 11 13 15 18 21 23 24 26 28 31 33 34 37 38 41 42 44 46 49 51 53 54 57 63 69 74 
0 3 5 8 11 15 18 21 23 24 26 28 33 34 37 38 41 42 44 49 51 53 57 58 69 73 74 
5 8 11 13 15 18 21 24 26 28 31 33 34 38 41 42 44 46 49 51 53 54 57 58 72 74 
0 3 5 8 15 18 21 23 24 26 28 31 33 34 37 38 41 42 44 46 49 51 53 54 57 58 74 
0 3 5 8 11 15 18 21 23 24 26 31 33 34 37 38 41 42 44 46 49 51 53 54 57 58 68 
0 3 5 11 13 15 18 21 23 26 28 31 33 34 37 38 41 42 44 46 49 51 53 54 57 58 62 
0 3 5 6 8 11 13 15 16 18 21 23 24 26 28 31 33 34 37 38 53 54 
0 5 6 8 11 13 15 18 21 23 24 26 28 31 33 34 37 38 47 54 
0 3 5 6 8 11 13 15 18 21 23 24 26 28 31 33 34 37 38 47 58 
0 3 6 11 13 15 16 18 21 23 24 26 28 31 33 34 37 38 41 42 44 46 49 51 52 55 57 60 72 
0 5 8 11 13 15 18 21 24 26 28 31 33 34 38 41 42 44 49 51 52 55 57 58 61 67 71 
0 3 5 6 8 11 13 15 18 23 24 26 28 31 33 34 37 38 41 42 44 46 49 51 52 55 57 58 61 64 
0 3 8 11 13 15 16 18 21 23 24 26 28 31 33 34 37 38 41 42 44 46 49 51 52 55 57 58 61 
0 3 5 6 8 11 13 15 18 24 26 28 33 34 37 38 41 42 44 46 49 51 52 55 57 63 67 69 79 
5 6 8 11 15 18 21 23 24 26 28 31 33 34 37 38 41 42 44 46 49 51 55 57 58 69 79 
0 3 5 6 8 11 13 16 18 21 23 24 26 31 33 34 37 38 41 42 44 46 49 51 52 55 57 58 62 
0 3 5 6 8 11 13 16 18 21 23 24 26 28 31 33 34 37 38 41 42 44 46 49 51 52 55 57 58 63 68 
3 5 8 11 13 15 18 21 23 24 26 28 31 33 34 37 38 41 42 44 46 49 51 55 57 58 63 69 74 
5 6 15 16 18 21 23 24 26 28 31 33 37 38 41 42 44 49 51 53 55 57 58 62 69 72 74 
5 6 8 11 15 18 21 23 24 26 28 31 34 38 41 42 44 46 49 51 53 55 57 58 70 72 76 
0 5 8 11 13 15 18 24 26 28 31 33 34 37 38 41 42 44 46 49 51 53 55 57 58 72 74 
0 3 5 8 11 13 15 18 21 23 24 26 28 31 33 34 37 38 41 42 44 46 49 53 55 57 58 63 74 
3 5 6 8 11 13 15 18 21 23 24 26 28 31 33 34 37 38 41 42 44 46 49 51 53 55 57 58 68 
5 8 11 13 15 18 21 23 24 26 28 31 34 37 38 41 42 44 46 49 51 53 57 58 63 69 71 
0 5 6 8 11 13 15 16 18 23 24 26 31 33 34 37 38 41 44 46 49 51 53 55 57 58 64 73 
0 5 8 11 13 15 18 23 24 26 31 33 34 37 38 41 42 44 46 49 51 53 55 57 60 64 
3 6 8 11 13 15 16 18 21 23 24 26 28 31 33 34 37 38 41 42 44 46 49 51 53 55 57 58 72 
3 5 6 8 11 13 15 16 18 23 24 26 28 31 34 37 38 41 42 44 46 49 51 53 55 57 58 61 
0 3 5 6 8 13 15 18 21 23 24 26 28 33 34 37 38 41 42 44 46 49 51 53 55 57 58 62 
5 8 11 15 18 21 23 24 26 28 31 33 34 37 38 41 42 44 47 49 51 52 55 57 59 68 72 
5 8 11 15 18 21 23 24 26 28 31 33 34 37 38 41 42 44 47 49 51 52 55 57 59 66 72 
5 8 11 15 18 21 23 24 26 28 31 33 34 37 38 41 42 44 47 49 51 52 55 57 59 72 
0 3 5 6 8 11 13 15 16 18 21 23 24 26 28 31 33 34 37 41 42 44 47 49 51 52 55 57 59 63 
0 3 5 6 11 13 15 16 18 21 23 24 26 28 31 33 37 38 41 42 44 47 49 51 52 55 57 59 69 
0 3 5 6 11 13 15 16 18 21 23 24 26 28 31 37 38 41 42 44 47 49 51 52 55 57 59 75 
0 3 5 6 8 11 13 15 16 18 21 23 24 26 28 31 33 37 38 47 52 
0 3 5 6 11 13 15 16 18 21 23 24 26 28 31 33 34 37 38 41 42 44 46 49 51 52 55 57 59 74 
0 3 6 8 11 13 15 16 18 21 23 24 26 28 31 33 34 37 38 41 42 44 46 49 51 52 55 57 59 62 
0 3 5 6 8 11 13 15 16 18 21 23 24 26 28 31 33 34 37 38 41 42 44 46 49 51 52 55 57 59 68 
0 3 5 6 8 11 13 15 16 18 21 23 24 26 28 31 33 34 37 38 52 59 
0 5 6 11 13 15 18 21 23 24 27 28 31 33 34 37 38 41 42 44 46 49 51 52 55 57 59 69 
3 5 6 11 13 15 16 18 21 24 27 28 31 33 37 38 41 42 44 46 49 51 52 55 57 59 63 
3 5 6 11 13 15 16 18 21 23 24 27 28 31 33 37 38 49 57 59 
3 5 6 8 11 13 15 18 21 23 24 27 28 31 33 38 41 42 44 46 49 51 52 55 56 59 75 
0 3 5 6 8 11 13 16 18 21 23 24 27 28 31 33 34 37 38 55 
0 3 5 6 11 13 16 18 21 23 24 27 28 31 33 34 37 38 59 
0 3 5 6 8 11 13 15 16 18 36 
3 5 6 8 11 12 15 16 18 33 36 38 
0 3 5 8 11 12 15 18 21 23 26 28 31 33 34 37 38 41 42 44 46 49 51 52 54 56 59 67 
0 3 5 6 8 11 12 15 18 21 23 24 26 28 33 34 37 38 41 42 44 46 49 51 52 54 56 59 78 
0 3 5 8 11 12 15 16 21 23 24 26 28 31 33 34 37 38 41 42 44 46 49 51 52 54 56 59 62 
0 3 6 8 11 12 15 16 18 21 23 24 26 28 31 33 34 37 38 59 
0 3 5 8 11 12 15 18 21 23 24 26 28 31 33 34 37 38 41 42 44 46 49 51 52 56 58 60 68 
12 
0 3 6 8 11 13 15 16 18 21 23 24 26 28 31 33 37 38 41 42 44 46 49 51 52 54 56 58 60 69 74 
0 3 5 6 8 11 13 15 16 18 21 23 24 26 28 31 33 34 37 38 56 
3 5 8 11 13 15 18 21 23 24 26 28 31 33 34 37 38 41 42 44 46 49 51 53 55 57 59 66 
0 3 5 8 11 13 15 21 23 24 26 28 31 33 34 37 38 41 42 44 46 49 51 53 55 57 59 79 
0 3 5 6 8 11 13 15 16 18 21 23 24 26 28 31 33 34 37 38 59 
3 5 8 11 13 15 18 21 23 24 26 28 31 33 34 37 38 41 42 45 46 49 51 53 55 57 58 73 
0 3 5 8 11 13 15 18 21 23 24 26 31 33 34 37 38 45 53 
3 5 6 8 11 15 18 21 23 24 26 28 33 34 37 38 41 45 46 49 51 52 55 57 58 60 65 
5 8 11 15 18 21 23 24 26 28 31 33 34 37 38 41 42 45 49 51 52 55 57 58 60 64 
3 5 6 8 11 13 15 18 21 23 24 26 28 31 33 34 37 38 45 49 55 
0 3 5 6 11 13 15 16 23 24 26 28 31 33 34 37 38 45 49 54 57 
3 5 6 8 11 15 18 23 24 26 29 31 33 34 37 38 41 42 45 47 49 51 52 54 57 58 67 
0 5 8 11 15 18 21 23 24 26 29 31 33 34 37 38 41 42 45 47 49 51 52 54 57 58 72 
3 5 8 13 15 18 21 23 24 26 29 31 33 34 37 38 45 47 57 
0 3 5 8 15 18 21 23 26 29 31 33 34 37 38 41 42 45 46 49 51 52 54 57 58 64 
5 6 8 11 13 15 18 23 24 26 29 31 33 34 37 38 41 42 45 46 49 51 52 54 57 58 78 
3 5 8 11 15 18 21 23 24 26 29 31 33 34 37 38 41 42 45 46 49 51 52 54 57 58 66 
0 3 5 6 13 15 16 18 23 24 26 29 33 34 37 38 41 42 45 46 49 52 54 57 58 67 79 
3 5 8 11 13 15 18 21 23 24 26 29 31 33 34 37 38 41 42 45 46 49 51 52 55 57 58 73 
5 8 11 13 15 18 21 23 24 26 29 31 33 34 37 38 41 42 45 49 51 52 55 57 58 65 66 
3 5 8 11 15 18 21 24 26 29 31 33 34 37 38 41 42 45 46 49 51 52 55 57 58 65 
5 8 11 13 15 18 23 24 26 29 31 33 34 37 38 45 49 55 
0 3 5 6 8 15 18 21 23 24 26 29 31 33 34 37 38 42 44 46 49 51 52 55 58 61 64 72 
0 5 8 11 13 15 18 23 24 26 29 31 33 37 38 41 42 44 46 49 51 52 55 57 58 64 73 
0 3 5 8 11 15 18 21 23 24 26 29 31 33 34 37 38 41 42 44 46 51 52 55 57 58 61 67 72 
3 5 6 8 11 13 15 18 21 26 29 31 33 34 38 41 42 44 46 49 52 55 57 58 61 65 66 72 
0 3 6 11 13 15 18 21 23 26 29 31 34 37 38 41 42 44 46 49 51 52 55 57 58 61 66 
5 6 8 11 15 18 21 23 24 26 29 31 33 34 37 38 41 42 44 46 51 52 55 57 58 61 77 
0 3 5 6 8 11 13 15 18 21 23 24 26 33 34 38 41 42 44 46 49 51 52 55 57 58 61 63 76 
3 5 6 8 11 15 18 24 26 29 31 33 34 38 41 42 44 49 51 57 58 63 66 69 73 76 
5 8 11 13 15 18 21 23 24 26 29 31 33 34 37 38 41 42 44 46 49 51 52 55 57 58 63 66 
5 6 8 11 13 15 18 21 23 24 26 29 31 33 34 37 38 52 55 
0 5 6 8 11 13 15 18 21 23 24 26 29 31 33 34 37 38 55 
3 5 6 8 11 13 15 21 23 24 26 29 31 33 34 37 38 53 
3 5 6 8 11 13 15 16 18 23 29 
0 3 5 6 8 11 15 16 18 21 23 25 26 28 31 33 34 37 38 41 42 44 46 49 51 52 54 58 67 69 
0 3 5 6 8 11 13 15 18 21 23 25 28 31 33 34 37 38 41 42 44 49 51 52 54 56 58 67 75 
0 3 5 6 11 13 15 16 18 21 23 25 28 31 33 34 37 38 41 42 44 46 49 51 52 54 56 58 67 
0 5 6 8 11 13 16 18 21 23 25 26 28 31 33 34 37 38 56 
0 5 6 11 13 15 16 18 21 23 25 28 31 33 34 37 38 41 42 44 46 49 51 52 54 57 58 66 
0 3 6 11 13 15 16 18 21 23 25 26 28 31 33 34 37 38 41 42 44 46 49 51 52 54 57 58 63 
0 5 6 8 11 13 15 18 21 23 25 26 31 33 34 37 38 57 58 
0 3 5 8 11 15 18 21 23 25 26 28 31 33 35 37 38 41 42 44 46 49 51 52 54 56 58 62 74 
0 3 5 8 11 15 18 21 23 25 26 28 31 35 37 38 41 42 44 46 49 51 52 56 58 62 68 
0 3 5 8 11 15 18 21 23 25 26 28 31 35 37 38 41 42 44 46 49 51 52 54 56 58 62 
0 3 5 6 8 11 15 16 18 21 25 35 
0 3 5 6 8 11 13 15 18 21 23 24 28 31 33 35 37 38 41 42 44 46 49 51 52 54 56 58 60 
0 3 5 8 11 13 15 16 18 21 23 24 26 28 33 35 37 38 41 42 44 46 49 51 52 54 56 61 67 
0 3 5 8 11 13 15 16 18 21 23 24 26 28 31 33 35 38 41 42 44 46 49 51 52 54 56 58 66 78 
0 3 5 8 11 13 15 16 18 21 23 24 26 31 33 35 37 38 41 56 
0 3 5 11 13 15 16 18 21 23 24 26 28 31 33 35 37 38 41 42 44 46 49 51 52 54 57 58 66 79 
0 3 5 6 8 11 13 15 18 21 23 24 26 28 31 33 35 37 38 42 44 46 49 51 52 54 57 58 66 78 
0 3 6 8 11 13 15 16 18 21 23 24 26 28 31 33 35 37 38 41 42 44 46 49 51 52 54 57 58 61 
0 3 5 6 8 11 13 15 16 18 21 23 24 26 28 31 33 35 37 38 52 
0 3 5 6 8 11 13 15 16 18 21 23 24 26 28 31 33 35 37 38 54 
0 3 5 6 8 11 13 15 16 18 35 
0 3 5 6 8 11 13 15 18 21 23 25 26 28 31 33 34 38 46 49 53 
0 3 5 6 8 11 15 16 18 21 23 25 26 28 31 33 34 37 38 41 42 44 46 49 51 52 55 57 63 69 
0 3 5 6 8 11 13 15 18 23 25 26 28 31 33 34 37 38 41 42 44 46 49 51 52 55 57 59 63 68 
0 3 5 6 8 11 15 16 18 21 23 25 26 28 31 33 34 37 38 41 42 44 46 49 51 52 55 57 59 75 
0 3 5 6 8 11 13 15 16 18 25 
3 5 8 11 13 15 18 21 23 24 26 28 31 33 34 37 38 50 
3 5 6 8 11 15 18 21 23 24 26 28 31 33 37 38 43 46 49 57 58 
3 5 8 11 13 15 18 21 24 26 28 31 33 34 37 38 43 44 46 48 51 52 55 57 58 70 77 
0 3 5 6 11 13 15 16 21 23 24 26 28 31 33 34 37 38 43 52 58 
3 5 8 11 15 16 18 21 23 24 26 28 31 33 34 37 38 41 43 44 46 48 51 53 55 57 58 68 
0 3 5 6 11 13 15 16 21 23 24 26 31 33 34 37 38 43 51 57 58 
5 8 11 13 15 18 21 23 24 26 28 31 33 34 37 38 41 42 44 46 48 51 53 55 57 58 74 76 
0 5 8 11 13 15 18 21 23 24 26 31 33 34 37 38 41 42 44 46 48 51 53 55 57 58 69 74 
0 5 6 11 13 15 18 21 23 24 26 28 31 33 34 37 38 41 42 44 46 48 51 53 55 57 58 62 
0 3 5 6 8 11 13 15 18 21 23 24 26 28 31 33 34 37 38 48 53 
0 3 5 6 8 11 13 15 16 18 21 23 24 26 28 31 33 34 37 38 48 55 
0 5 6 8 11 13 15 16 18 21 23 24 26 28 31 33 34 37 38 48 
0 5 6 8 11 13 15 16 18 21 23 27 28 31 33 34 37 38 48 57 
0 3 5 6 11 13 15 16 18 21 23 24 27 31 33 34 37 38 48 56 
0 3 6 11 13 15 16 18 21 23 24 27 28 31 33 37 38 41 42 44 46 49 51 52 54 56 58 67 
0 3 5 6 8 11 13 16 18 23 24 27 28 31 33 34 38 41 42 44 46 49 51 52 54 56 58 69 78 
0 3 6 11 13 15 16 18 21 23 24 27 28 31 33 34 37 38 41 44 46 49 51 52 54 58 68 75 78 
0 3 6 8 11 15 16 18 21 23 24 27 28 31 33 34 37 38 41 42 44 46 49 51 54 56 58 68 78 
0 3 5 6 11 15 16 18 21 23 24 27 28 31 33 34 37 38 41 42 44 46 49 51 52 54 56 58 68 
0 3 5 6 11 13 16 18 21 23 24 27 28 31 33 34 37 38 41 42 44 49 51 52 54 56 58 69 74 
0 3 5 6 8 13 15 16 18 21 27 
0 3 5 8 11 13 15 18 21 24 26 28 31 33 34 37 40 42 44 46 49 51 52 54 57 58 60 
0 5 8 11 13 15 18 21 23 24 26 28 31 33 34 37 38 40 57 
3 5 8 11 13 15 18 21 22 24 26 29 31 33 34 37 38 40 42 44 46 49 51 52 54 56 58 61 
0 5 8 11 13 15 18 21 22 24 26 29 31 33 34 37 38 40 42 44 46 49 52 54 56 58 60 75 
3 5 8 11 13 15 18 21 22 24 26 29 31 33 34 37 38 40 
0 5 6 11 13 15 16 18 21 22 24 26 28 31 33 37 38 40 42 44 49 51 52 54 56 58 60 69 
0 5 6 8 11 13 16 18 21 22 24 26 28 31 34 38 40 56 58 
5 6 8 11 13 18 21 22 24 26 28 31 33 34 37 38 40 46 59 
3 5 6 8 11 13 21 22 24 26 28 31 33 34 37 38 47 59 
3 8 11 13 15 18 21 22 24 26 28 31 33 37 38 40 42 44 47 49 51 52 54 57 58 74 
0 8 11 13 15 18 21 22 24 26 28 31 33 37 38 40 42 44 47 49 51 52 54 57 58 68 
3 5 8 11 13 15 18 22 24 26 28 31 33 34 37 38 40 47 57 
0 3 6 8 11 15 18 21 22 24 28 31 33 34 37 38 40 42 44 46 49 51 52 54 57 58 61 
0 5 6 8 11 15 16 18 21 22 24 26 28 33 34 38 40 42 44 46 49 51 55 57 63 70 73 79 
5 6 8 11 15 18 21 22 24 26 28 31 34 37 38 40 42 44 46 49 51 55 57 58 71 73 79 
3 5 6 8 15 18 21 22 26 28 31 33 34 38 40 42 44 46 49 51 52 55 57 63 69 71 79 
3 6 8 11 15 18 21 22 24 31 33 34 38 40 42 44 46 51 52 55 57 63 69 79 
3 6 8 11 15 18 21 22 24 31 33 34 38 40 42 44 46 49 51 52 55 57 58 63 79 
5 8 11 13 15 18 21 22 24 31 33 34 37 38 40 42 44 46 49 52 55 58 63 66 68 72 
3 6 8 11 13 15 18 21 22 26 28 31 33 34 38 40 42 44 46 49 51 52 55 57 58 67 68 72 
0 3 6 8 11 15 18 21 22 28 31 33 34 37 38 40 42 44 46 51 52 55 57 58 67 72 
0 5 11 15 18 21 22 24 28 31 33 34 37 38 40 46 55 58 
3 8 11 13 15 18 21 22 24 26 28 31 33 34 37 38 40 53 
3 6 8 11 15 18 21 22 24 31 33 34 37 38 40 45 46 49 51 52 54 57 58 60 73 
3 5 6 8 13 15 18 21 22 28 31 33 37 38 40 45 46 49 51 52 54 57 58 60 65 
3 8 11 15 18 21 22 24 26 31 33 34 37 38 40 42 45 46 49 51 52 54 58 60 64 
3 8 11 15 18 21 22 24 26 31 33 34 37 38 40 42 45 49 51 52 54 57 58 64 67 
3 6 8 11 15 18 21 22 24 31 33 34 37 38 40 42 45 46 51 52 54 57 58 67 72 
3 8 11 13 15 18 21 22 24 26 31 33 34 37 38 40 42 45 46 49 51 52 54 57 58 73 78 
3 6 8 11 13 15 18 21 22 24 26 31 33 34 37 38 40 42 45 46 49 51 52 54 58 66 72 
6 8 11 13 15 18 21 22 24 26 31 33 34 37 38 40 42 45 46 49 51 52 54 57 58 67 
0 5 6 13 15 16 21 22 24 26 28 31 33 34 37 38 40 45 57 
0 3 5 8 11 13 15 16 21 22 24 28 31 33 34 37 41 42 45 46 49 51 53 55 57 58 73 
3 6 8 11 13 15 18 22 24 26 28 31 33 34 38 41 42 45 49 51 53 55 57 63 65 79 
0 3 5 8 11 15 18 21 22 28 31 33 34 37 38 41 42 45 46 49 51 53 55 57 58 79 
3 8 11 13 15 18 22 24 26 31 33 34 37 38 41 42 45 46 49 51 53 55 57 58 66 
3 8 11 18 22 24 26 28 31 33 34 37 38 41 42 45 46 49 51 53 55 57 58 64 
0 3 5 11 13 15 18 21 22 24 26 28 31 33 34 37 38 45 55 
5 8 11 13 15 18 21 22 24 26 31 33 34 37 38 45 49 53 57 
5 6 8 11 13 15 18 22 24 26 28 31 33 34 37 38 41 42 44 46 49 51 53 54 57 58 61 72 
3 6 11 13 15 16 18 21 22 24 26 28 31 33 34 37 38 41 42 44 46 49 51 53 54 57 58 72 
3 5 6 8 11 15 18 21 22 24 26 28 31 33 34 37 38 53 
0 3 5 6 8 13 15 16 18 21 22 
1 3 5 8 11 13 15 16 18 22 28 
1 3 5 6 8 11 13 15 16 18 21 23 24 26 28 31 33 34 37 38 54 
1 3 5 6 8 11 13 15 16 18 21 23 24 26 28 31 33 34 37 38 52 
1 15 
3 4 8 11 13 15 18 21 23 24 26 28 31 33 34 37 38 42 44 53 
3 4 8 11 13 15 18 21 23 24 26 28 31 33 34 37 41 42 45 46 49 51 53 55 57 58 73 
0 3 4 11 13 15 18 21 23 24 26 28 31 33 34 37 38 41 42 45 46 49 51 53 55 57 58 60 
3 4 11 13 15 18 21 23 24 26 28 31 33 34 37 38 45 
3 4 8 11 13 15 18 21 23 24 26 28 31 33 34 37 38 41 42 44 46 49 51 52 55 57 58 63 
0 3 4 8 11 13 15 18 21 23 24 26 28 31 33 34 37 38 55 58 
3 4 8 11 13 15 18 21 23 24 26 28 31 33 34 37 38 41 42 44 46 49 51 52 54 57 58 62 69 
0 3 4 8 11 13 15 18 21 23 24 26 28 31 33 34 37 38 58 
3 4 11 13 15 16 18 21 22 24 26 31 33 34 37 38 41 42 44 46 49 51 52 54 57 58 68 
3 4 11 13 15 16 18 21 22 24 31 33 34 37 38 41 42 44 46 49 51 52 54 57 58 62 
3 4 8 11 13 15 16 18 21 22 31 
3 4 11 13 15 18 21 23 24 26 28 31 33 34 37 38 41 42 44 46 49 51 52 54 57 59 63 69 
3 4 11 13 15 18 21 23 24 26 28 31 33 34 37 38 41 42 44 46 49 51 52 54 57 59 63 75 
3 4 11 13 15 18 21 23 24 26 28 31 33 34 37 38 41 42 44 46 49 51 52 54 57 59 63 
3 4 8 11 13 15 16 18 21 23 24 26 28 31 33 34 37 38 59 
3 4 8 11 13 15 18 21 23 24 29 31 33 34 37 38 41 42 44 46 49 51 52 54 57 59 62 
0 3 4 8 11 13 15 18 21 23 24 29 31 33 34 37 38 41 42 44 46 49 51 52 54 57 59 74 78 
3 4 8 11 13 15 16 18 21 23 24 29 31 33 34 37 38 54 59 
0 3 4 8 11 13 15 18 21 23 24 29 31 33 34 37 38 41 42 44 46 49 51 52 55 57 59 68 
0 3 4 8 11 13 15 18 21 23 24 26 29 31 33 34 37 38 59 
0 3 4 8 11 13 15 18 21 23 24 26 29 31 33 34 37 38 55 
3 4 6 8 11 13 15 16 18 21 23 29 
3 4 8 11 13 15 16 18 21 23 24 27 28 31 33 34 37 38 57 
3 4 8 11 13 15 18 21 23 24 27 28 31 33 34 37 38 41 42 44 46 49 51 52 54 56 58 78 
3 4 8 11 13 15 16 18 24 27 31 
4 8 
1 3 5 7 8 11 13 14 16 18 27 
5 7 8 11 13 18 21 25 26 28 31 33 34 37 38 41 42 44 46 49 51 52 54 56 58 60 79 
1 3 5 7 8 11 13 18 21 22 25 26 28 31 33 34 37 38 42 44 46 49 51 52 54 56 58 69 78 
1 7 8 11 13 16 18 21 22 25 26 28 31 33 34 37 38 41 42 44 46 49 51 52 54 56 58 63 68 
1 5 7 8 11 13 16 18 21 22 25 
1 3 5 8 11 14 16 18 21 23 25 26 28 31 33 34 37 38 41 42 44 46 49 51 52 54 56 58 61 
1 5 7 8 11 13 14 16 18 21 23 25 26 28 31 34 37 38 41 42 46 49 51 52 54 56 58 69 78 
1 3 7 8 11 13 14 18 21 23 25 26 28 31 33 34 37 38 41 44 46 49 51 52 54 56 58 66 75 
1 3 7 8 11 13 14 16 18 21 23 25 26 28 31 33 34 37 38 41 44 46 49 51 52 54 56 58 63 66 
1 3 5 7 8 11 14 16 18 21 23 25 26 28 31 33 37 38 41 42 44 46 49 51 52 54 56 58 62 
1 3 5 7 13 14 16 18 21 23 26 28 31 34 37 38 41 42 44 46 49 51 52 54 56 58 67 
1 3 5 7 8 11 14 16 18 23 25 26 28 31 33 37 38 41 42 44 46 49 51 52 55 56 58 74 
1 3 5 7 8 16 18 21 23 25 26 28 31 33 34 37 38 41 42 44 46 49 51 52 55 56 58 75 
1 3 5 7 8 11 13 14 16 18 21 23 25 26 28 31 33 34 37 38 45 
3 5 7 8 13 14 18 21 26 28 34 37 38 40 42 44 46 49 51 52 55 56 58 67 74 
3 5 7 8 11 13 14 18 21 25 26 28 31 34 37 38 40 42 44 46 49 51 52 55 56 58 62 68 
3 5 7 8 11 13 18 21 23 26 28 33 34 37 38 40 46 55 56 58 
1 3 5 7 8 11 13 18 23 25 26 28 33 34 37 38 40 49 56 
1 7 8 11 14 16 18 21 25 26 28 31 33 34 37 38 41 42 44 46 49 51 53 54 56 58 62 
1 3 7 8 13 16 18 21 23 25 26 31 33 34 37 38 49 53 56 
1 3 7 8 11 16 18 21 23 25 26 28 31 33 34 38 46 53 54 
1 3 7 8 11 13 16 18 21 23 25 26 28 31 34 37 38 46 58 
1 3 5 7 8 11 16 18 21 23 25 26 28 31 33 34 37 38 53 58 
1 3 7 8 11 13 16 18 21 23 25 28 31 33 37 38 47 49 58 
1 5 7 8 16 18 21 22 24 26 28 31 33 34 37 38 47 52 55 
1 3 5 7 8 11 13 14 16 18 21 22 
1 3 5 7 8 11 13 18 21 23 24 26 28 31 33 34 37 38 47 54 
1 3 5 7 8 11 13 16 18 21 23 24 28 31 33 34 37 38 47 52 58 
1 3 7 11 13 14 18 21 23 24 26 28 31 33 34 38 47 58 
7 
3 5 8 11 14 16 18 23 24 26 31 33 34 37 38 41 42 44 46 49 51 53 57 58 63 69 71 
1 5 8 13 14 18 21 24 26 28 31 33 34 37 38 41 42 44 46 49 51 53 55 57 58 63 69 74 
3 5 6 8 11 14 18 23 24 26 31 33 34 37 38 41 44 46 49 51 53 55 57 58 64 73 
3 5 6 8 11 14 18 24 26 31 33 34 37 38 41 42 44 46 49 51 53 55 57 58 67 69 79 
3 5 6 8 11 14 18 24 26 31 33 34 37 38 41 42 44 46 49 51 53 55 57 58 63 76 
3 5 8 11 13 14 18 21 23 24 26 28 31 33 34 37 38 41 42 44 46 49 51 53 55 57 58 63 71 
3 5 8 11 13 14 18 21 23 24 26 28 31 33 34 37 38 41 42 44 46 49 53 55 57 58 63 74 
5 6 8 11 14 18 21 23 24 26 28 31 33 37 38 41 42 44 46 49 51 53 55 57 58 63 68 
3 5 8 11 14 16 18 21 23 24 26 31 33 34 37 38 41 42 44 46 49 51 53 55 57 58 61 73 
3 6 8 11 13 16 18 21 23 24 26 28 31 33 34 37 38 41 42 44 46 49 51 53 55 57 58 72 
1 3 5 11 13 14 16 18 21 23 24 26 28 31 33 34 37 38 41 42 44 46 49 51 53 55 57 58 62 
3 5 8 11 14 16 18 21 23 24 26 31 33 34 37 38 41 44 46 49 51 53 55 57 58 63 66 
1 5 8 11 14 16 18 21 23 24 26 28 31 33 34 37 38 41 42 44 46 49 51 53 54 57 58 62 
1 3 5 6 8 11 13 16 18 21 23 24 26 28 31 33 34 37 38 53 54 
1 3 5 8 11 13 16 18 21 23 24 26 28 31 33 34 37 41 42 45 46 49 51 53 55 57 58 73 
3 5 6 8 11 14 18 21 23 24 26 33 34 37 38 41 42 45 46 49 51 53 55 57 58 60 65 
3 5 8 11 14 16 18 21 23 24 26 33 34 37 38 41 42 45 46 49 51 55 57 58 60 70 72 
3 5 8 11 13 14 18 24 26 28 33 34 37 38 41 42 45 46 49 51 53 55 57 58 64 71 
3 5 6 8 11 14 18 21 23 24 26 31 33 34 37 38 45 49 55 
1 5 8 13 14 16 18 23 24 26 28 31 33 34 37 38 41 42 45 46 49 51 52 54 57 58 64 
1 3 5 8 11 16 18 23 24 26 28 31 33 34 37 38 41 42 45 46 49 51 52 54 57 58 72 
1 3 5 6 8 11 13 21 23 24 26 28 31 33 34 37 38 45 49 
1 3 5 6 8 11 13 14 16 18 23 24 26 28 31 33 34 37 38 41 42 44 46 49 51 52 54 57 58 61 
1 3 5 6 8 11 13 14 16 18 21 23 24 26 28 31 33 34 37 38 54 
1 3 5 6 8 11 13 14 16 18 21 23 24 26 28 31 33 34 37 38 52 
1 5 8 14 16 18 21 23 24 26 28 31 33 34 37 38 40 46 53 55 
3 5 6 8 11 14 18 21 23 24 26 31 33 34 37 38 49 53 56 
3 5 6 8 11 14 18 23 24 26 28 31 33 34 37 38 40 42 45 46 51 52 54 56 58 60 67 
3 5 6 8 11 14 18 23 24 26 31 33 34 37 38 40 42 45 46 49 51 52 54 56 58 67 78 
3 5 6 8 11 14 18 21 23 24 26 33 34 37 38 40 42 45 46 49 51 52 54 56 58 67 
0 3 5 8 11 13 14 16 18 21 23 24 26 28 31 33 37 38 45 49 52 
0 3 5 6 8 11 13 14 18 21 23 24 26 28 31 33 34 37 38 40 
0 3 5 6 8 11 13 14 16 18 21 23 24 26 28 31 33 37 38 41 42 44 46 51 52 54 56 58 61 79 
0 3 6 8 11 13 14 16 18 21 23 24 26 28 31 33 34 37 38 41 42 44 46 49 51 52 54 56 58 61 66 78 
0 3 5 6 8 11 13 14 16 18 21 23 24 26 28 31 33 34 37 38 56 
0 3 5 6 8 11 13 14 16 18 21 23 24 26 28 31 33 34 37 38 41 44 46 49 51 52 54 57 58 66 78 
0 3 5 6 8 11 14 16 18 21 23 24 26 28 31 33 34 37 38 41 42 44 46 49 51 52 54 57 58 66 79 
0 3 5 6 8 11 13 14 16 18 21 23 24 26 28 31 33 34 37 38 54 
0 3 5 6 8 11 13 14 16 18 21 23 24 26 28 31 33 34 37 38 52 
3 5 8 11 13 14 16 18 21 23 24 26 31 34 37 38 41 42 44 46 49 51 53 55 57 58 69 71 74 
3 5 8 11 13 14 16 18 21 23 24 26 28 31 33 38 41 42 44 46 49 51 53 55 57 58 69 71 
0 3 5 6 8 11 13 14 18 21 23 24 26 28 31 33 34 37 41 42 44 46 49 51 53 55 57 58 62 
1 3 5 8 11 13 16 18 21 23 24 26 28 31 33 34 37 38 50 
3 5 8 11 13 16 18 21 23 24 26 28 31 33 34 37 38 50 
3 5 8 11 13 16 18 21 23 24 26 28 31 33 34 37 38 41 43 44 46 49 51 53 55 57 58 75 
0 3 5 6 8 11 14 18 23 24 26 33 34 38 41 43 44 46 49 51 53 55 57 58 67 69 
3 5 8 11 13 14 16 18 21 23 24 26 31 33 34 37 38 41 43 44 46 49 51 53 57 58 67 70 
3 5 6 8 11 14 18 21 23 24 26 31 33 34 37 38 43 46 49 55 58 
1 3 5 8 11 13 16 18 21 23 25 26 28 31 33 34 37 38 50 
3 5 8 11 13 16 18 21 23 25 26 28 31 33 34 37 38 50 
3 5 8 11 13 14 18 23 25 26 28 31 33 34 37 38 43 49 53 58 
0 3 5 6 8 13 14 16 18 21 25 26 28 31 33 37 38 43 44 46 49 51 52 58 67 71 77 78 
0 3 5 6 8 11 13 14 18 21 23 25 26 28 33 34 38 43 46 49 57 58 
1 3 5 6 8 11 13 14 18 21 25 26 28 33 37 38 41 43 44 46 49 51 52 56 58 65 67 
1 3 5 6 8 11 13 14 16 18 23 25 26 28 33 34 37 38 41 43 44 46 49 52 55 58 64 71 73 78 
1 3 5 6 8 13 14 18 21 23 25 26 28 31 33 37 38 41 43 44 46 49 51 52 55 56 58 64 70 74 
1 3 5 8 11 13 16 18 21 23 25 26 28 31 33 34 37 38 41 43 44 46 49 51 52 55 56 58 75 
1 3 5 6 8 11 13 14 18 21 25 26 28 31 33 38 41 43 44 49 51 52 56 58 62 64 71 76 79 
1 3 5 6 8 11 13 14 18 23 25 26 28 31 38 41 43 44 46 49 51 52 58 64 71 73 
1 3 5 6 8 11 14 16 18 23 26 28 31 33 37 38 41 43 46 49 51 52 55 56 58 60 62 64 77 
1 3 5 6 8 11 13 14 18 23 26 28 31 37 38 43 44 46 49 51 52 55 56 58 62 64 72 78 
1 3 5 6 8 11 13 14 18 21 23 25 26 28 33 38 41 43 44 46 52 55 56 58 61 67 74 
1 3 5 8 11 13 14 18 23 26 28 31 33 34 38 41 43 44 46 49 51 52 55 56 58 64 71 
1 3 5 6 8 11 13 14 18 23 25 26 28 31 33 37 38 41 43 44 46 49 52 56 58 63 76 78 
1 3 5 6 8 11 14 16 18 25 26 28 31 33 37 38 41 43 46 49 51 55 56 58 60 63 66 
1 3 5 8 11 13 18 21 23 26 28 31 33 34 37 38 41 43 44 46 49 52 56 58 61 65 66 72 78 
1 3 5 6 8 11 14 16 18 23 25 26 28 31 33 38 43 44 46 49 51 52 55 56 58 61 63 66 72 
1 3 5 6 8 11 13 14 18 21 23 26 28 31 33 34 38 41 43 44 46 49 51 52 56 58 72 77 
1 3 5 6 8 11 13 14 18 21 23 26 28 31 33 38 41 43 44 46 49 51 52 55 58 66 72 76 
1 3 5 8 11 13 14 18 21 23 26 28 31 33 34 37 38 43 44 46 49 51 52 55 56 58 66 70 79 
1 3 5 6 8 13 14 18 21 23 26 28 31 33 37 38 41 43 44 46 49 51 52 55 56 58 71 79 
1 3 5 6 8 11 14 16 18 21 26 28 33 34 37 38 41 43 44 49 51 52 56 58 66 73 78 
1 3 5 8 11 13 16 18 21 23 25 26 28 31 33 34 37 38 41 43 44 46 49 51 52 55 57 58 75 
1 3 5 6 8 11 14 16 18 21 23 25 26 28 33 37 38 41 43 44 49 51 52 55 57 58 73 78 
1 3 5 6 8 11 13 14 18 21 26 28 31 33 37 38 41 43 44 46 49 51 55 57 58 70 73 
1 3 5 6 8 11 13 14 18 21 26 28 31 33 37 38 41 43 44 46 49 51 55 57 58 73 79 
1 3 5 6 8 11 13 14 18 21 23 25 26 28 31 38 41 43 44 46 49 51 52 55 57 58 72 
3 5 6 8 11 13 14 18 21 25 26 28 31 33 34 38 41 42 44 46 49 51 52 55 57 58 62 76 
3 5 8 11 13 14 18 21 23 25 26 28 31 33 34 37 38 41 42 44 46 49 51 52 55 57 58 71 
1 3 5 6 11 13 14 16 18 21 23 25 26 28 31 33 34 37 38 58 
0 3 5 6 11 14 16 18 21 23 25 26 28 31 33 34 37 38 55 58 
0 3 5 6 11 13 14 18 21 23 25 28 31 33 34 37 38 57 58 
0 3 5 6 8 11 13 14 18 21 25 26 28 31 33 35 37 38 41 42 44 46 49 51 52 54 56 58 62 70 74 
0 3 5 6 8 13 14 18 21 25 26 28 31 35 37 38 41 42 44 46 49 51 52 54 56 58 62 68 
0 3 6 8 11 13 14 18 21 23 25 26 28 35 37 41 42 44 46 49 51 52 54 56 58 62 
0 3 6 8 11 13 14 18 21 23 25 26 28 31 33 35 37 38 49 56 
0 3 5 6 11 13 14 16 18 21 24 26 28 31 33 35 37 38 41 42 44 46 49 51 52 54 56 58 60 
0 3 5 6 11 13 16 18 21 23 24 26 28 31 33 35 38 41 42 44 46 49 51 52 56 58 61 78 
3 5 8 11 13 16 18 21 23 24 26 28 31 33 35 37 38 41 43 44 46 49 51 52 54 56 58 75 
0 3 5 6 8 11 13 14 16 18 21 24 26 33 35 37 38 41 43 44 46 49 51 52 54 58 60 63 67 69 74 
0 3 5 6 8 11 13 14 16 18 24 26 28 31 33 37 38 41 43 44 46 49 51 52 56 58 63 70 78 
0 3 5 8 11 13 14 16 18 21 23 24 26 28 33 37 38 43 51 56 58 
0 3 5 6 8 11 13 14 18 23 25 26 28 31 38 41 43 44 46 49 51 52 54 57 58 63 76 
0 3 5 6 8 11 13 14 18 25 26 28 31 38 41 43 44 46 49 51 52 54 57 58 63 70 78 
0 3 5 6 8 11 13 14 16 18 23 25 26 28 31 33 35 37 38 43 54 
0 3 5 6 8 11 13 14 18 21 23 26 33 35 37 38 41 42 44 46 49 52 54 57 58 70 76 
0 6 8 11 14 16 18 21 23 25 26 28 31 33 35 37 38 41 42 44 46 49 51 52 54 57 58 74 
0 3 5 6 8 11 14 16 18 21 23 25 26 31 35 37 38 41 42 44 46 49 51 52 54 57 58 68 
0 3 5 6 13 14 16 18 21 23 25 26 28 31 33 35 37 41 42 44 46 49 51 52 54 57 58 62 
0 3 5 6 11 13 14 18 21 23 25 26 28 31 33 35 37 38 49 54 
0 5 6 8 11 13 14 16 18 21 23 24 26 28 31 33 35 37 38 52 
0 3 5 6 8 11 14 16 18 21 23 25 28 31 33 35 37 38 46 49 
1 3 5 8 11 13 14 16 18 21 23 25 28 31 33 35 37 38 49 52 
1 3 5 8 11 13 16 18 21 23 24 26 28 31 33 35 37 38 52 55 
1 3 5 6 8 11 13 16 18 21 23 24 26 28 31 33 35 37 38 52 
1 5 8 11 14 16 18 21 23 25 26 28 31 33 35 37 38 46 53 54 
1 3 5 8 11 13 14 16 18 21 23 25 28 31 35 37 38 46 49 58 
1 3 5 6 8 11 13 14 16 18 35 
0 3 5 6 8 11 13 14 16 18 35 
1 3 5 6 8 11 13 16 18 21 23 24 26 28 31 33 34 37 38 59 
1 3 5 6 8 13 14 16 18 23 25 26 31 33 34 37 38 41 42 44 46 49 51 53 55 57 59 63 
1 3 5 6 8 13 14 16 18 21 23 25 26 31 33 34 37 38 41 42 44 46 49 51 53 55 57 59 69 
1 3 5 6 8 11 13 14 18 21 23 25 26 28 31 33 34 37 38 46 53 
0 3 5 6 8 13 14 16 18 21 25 26 28 31 33 34 37 38 46 53 
0 3 5 6 8 11 13 16 18 21 23 24 26 28 31 33 34 37 38 41 42 44 46 49 51 53 55 57 59 68 
0 3 5 6 8 11 13 16 18 21 23 24 26 28 31 33 34 37 38 41 42 44 46 49 51 53 55 57 59 62 
0 3 5 6 8 11 13 14 16 18 21 23 24 26 28 31 33 34 37 38 59 
1 3 6 8 11 13 16 18 21 23 25 26 28 31 33 34 37 38 41 42 44 46 49 51 52 55 57 59 63 
1 5 6 8 11 13 16 18 23 25 26 28 31 33 34 37 38 41 42 44 46 49 51 52 55 57 59 69 
1 3 6 8 11 13 16 18 21 23 25 26 28 31 33 34 37 38 41 42 44 46 49 51 52 55 57 59 75 
1 3 5 6 8 11 13 14 16 18 21 23 25 26 28 31 33 34 37 38 46 
0 3 5 6 8 11 13 14 18 21 23 25 26 28 31 33 34 37 38 46 
3 5 8 11 13 14 16 18 21 23 24 26 28 31 33 34 37 38 41 42 44 46 48 51 53 55 57 58 74 
3 5 8 11 13 14 16 18 21 23 24 26 28 31 33 34 37 38 41 42 44 46 48 51 53 55 57 58 68 
0 3 5 6 11 13 14 16 18 21 23 24 26 31 33 34 37 38 41 42 44 46 48 51 53 55 57 58 62 
0 3 5 6 8 11 13 14 16 18 21 23 24 26 28 31 33 34 37 38 48 
1 5 6 8 11 13 14 16 18 21 23 26 28 31 33 34 37 38 48 58 
1 5 8 11 13 16 18 21 23 25 26 28 31 34 37 38 48 53 54 59 
1 3 8 11 13 14 16 18 21 23 25 26 28 31 33 34 37 38 41 42 44 47 48 51 53 55 57 59 63 
1 3 5 6 11 14 16 18 21 23 25 26 28 31 33 34 37 38 41 42 44 47 48 51 53 55 57 59 69 
1 3 5 6 8 13 16 18 21 25 26 28 31 33 34 37 38 41 42 44 47 48 51 53 55 57 59 75 
1 3 5 6 8 13 16 18 21 23 25 26 28 31 33 34 38 41 42 44 47 48 51 53 55 57 59 70 
1 3 5 6 8 11 14 16 18 21 23 25 26 28 31 33 34 37 38 41 42 44 47 48 51 53 55 57 59 71 
1 3 5 6 8 11 13 14 18 21 23 25 26 28 31 33 37 38 41 43 44 47 48 51 53 55 57 59 70 77 
1 3 5 6 8 11 13 14 16 18 21 23 25 26 28 31 33 34 37 38 43 
1 3 5 6 8 13 14 18 21 23 25 26 28 31 33 37 38 41 42 44 47 51 53 55 56 59 68 76 
1 3 5 6 8 13 14 18 21 23 25 26 28 31 33 37 38 41 42 44 47 48 53 55 56 59 74 76 
1 3 5 6 8 13 14 18 21 23 25 26 28 31 33 37 38 41 42 44 47 48 53 55 56 59 62 76 
1 3 5 6 8 11 14 16 18 21 23 25 26 28 31 34 37 38 47 56 59 
1 3 5 6 8 11 13 14 16 18 21 23 25 26 28 31 33 34 37 38 45 
1 3 5 6 8 11 14 18 21 23 25 26 31 33 34 37 38 40 48 55 
1 3 5 8 11 13 18 21 23 25 26 28 31 33 34 37 38 40 42 44 47 48 51 52 54 57 59 62 
1 3 5 8 11 14 16 18 21 23 25 26 28 33 34 37 38 40 48 59 
1 3 6 8 11 13 14 16 18 21 23 25 26 28 33 34 37 47 48 54 59 
1 3 6 8 11 13 14 16 18 23 25 26 28 31 34 37 38 41 42 44 47 48 51 52 55 57 59 63 
1 5 6 8 11 13 14 16 18 21 23 26 28 31 33 34 37 38 41 42 44 47 48 51 52 55 57 59 69 
1 5 6 8 13 16 18 21 23 25 26 28 31 33 34 37 38 47 48 52 
1 3 5 8 11 14 16 18 21 25 26 28 31 33 37 38 40 42 44 47 49 51 53 54 57 59 68 
1 3 5 6 8 11 13 14 18 21 23 25 28 31 33 34 37 38 40 42 44 47 49 51 53 54 57 59 62 
1 3 5 8 11 13 14 16 18 21 23 25 28 31 33 34 37 38 40 53 
1 3 5 8 11 13 16 18 21 23 25 26 28 31 33 34 37 38 53 54 
1 3 6 8 11 14 16 18 21 23 25 28 31 33 34 37 38 41 42 44 47 49 51 53 55 57 59 63 
1 3 6 11 13 14 16 18 21 23 25 28 31 33 34 37 38 41 42 44 47 49 51 53 55 57 59 69 
1 3 5 6 8 11 14 16 18 21 23 25 26 28 31 33 34 37 38 41 42 44 47 49 51 53 55 57 59 75 
1 3 5 6 11 13 14 16 18 21 25 
3 5 8 11 13 14 16 18 21 23 24 26 31 33 34 37 38 41 42 44 47 49 51 53 55 57 58 74 
1 5 8 11 13 14 16 18 21 23 24 26 28 31 33 37 38 41 42 44 47 49 51 53 55 57 58 68 
1 3 5 6 8 11 13 14 16 18 21 24 28 31 33 34 37 38 41 42 44 47 49 51 53 55 57 58 62 
1 3 5 8 11 13 14 16 18 21 23 24 26 28 31 33 34 37 38 47 58 
0 3 6 8 11 13 14 16 18 21 23 24 26 28 31 33 34 37 38 47 58 
3 5 6 8 11 13 14 18 21 25 26 28 31 33 34 37 38 40 53 59 
0 3 5 6 8 11 13 14 18 21 23 25 26 28 31 34 37 38 53 54 59 
0 3 5 6 8 11 13 14 18 21 23 25 26 28 31 33 34 37 38 41 42 44 47 49 51 53 55 57 59 63 
0 3 5 6 8 11 14 16 18 21 23 25 26 28 31 33 34 37 38 41 42 44 47 49 51 53 55 57 59 69 
0 3 5 6 8 11 13 14 16 18 21 23 25 28 31 33 34 37 38 41 42 44 47 49 51 53 57 62 65 75 
0 3 5 6 8 11 13 14 16 18 21 25 
3 5 8 11 14 16 18 22 24 26 28 31 33 34 37 38 41 42 44 47 49 51 53 55 57 58 74 
3 5 8 11 13 14 18 22 24 26 28 31 33 34 37 38 41 42 44 47 49 51 53 55 57 58 68 
0 5 6 8 11 13 14 18 21 22 24 26 28 31 33 34 37 38 41 42 44 47 49 51 53 55 57 58 62 
0 3 5 8 11 14 18 21 22 24 26 28 31 33 34 37 38 49 55 
3 5 8 11 13 14 18 22 24 26 28 31 33 34 37 38 47 53 57 
3 5 8 14 18 21 22 24 26 28 31 33 34 37 38 49 53 56 58 
3 5 8 11 13 14 18 21 22 24 26 31 33 34 37 38 47 49 
3 5 8 11 14 18 21 22 24 26 28 31 33 34 37 38 47 48 
0 3 5 6 8 13 14 18 21 22 24 28 31 33 34 37 38 41 42 44 46 48 51 52 54 56 58 60 78 
0 3 5 6 8 11 13 14 16 18 22 24 26 28 31 34 37 38 41 42 44 46 48 51 52 54 56 58 67 
0 3 5 6 8 13 14 16 18 21 22 24 26 28 31 33 34 37 41 42 44 46 48 51 54 56 58 66 78 
0 5 6 8 11 13 14 16 18 22 24 26 28 31 33 34 37 38 41 42 44 46 48 51 52 56 58 61 69 
3 8 13 14 18 21 22 26 28 31 33 34 37 38 41 42 44 46 48 51 52 54 56 58 61 68 75 
3 5 8 11 13 14 18 21 22 24 26 31 33 34 37 38 41 42 44 46 48 51 52 54 56 61 68 74 
0 3 5 6 8 13 14 18 21 22 24 26 28 33 34 37 38 41 42 44 46 48 51 52 54 56 58 60 
3 5 8 11 14 18 22 24 26 31 33 34 38 41 42 44 46 48 51 52 55 56 58 63 67 69 79 
3 5 6 8 13 14 18 22 28 31 33 37 38 41 42 44 48 51 55 56 58 63 67 68 73 75 79 
3 8 11 14 18 21 22 24 26 28 31 33 34 37 38 41 42 44 48 51 52 55 56 58 63 67 79 
0 13 14 16 18 21 22 24 26 28 31 33 34 37 38 41 42 44 46 51 52 55 56 58 67 70 79 
0 5 8 11 18 21 22 24 26 28 31 33 34 37 38 41 42 44 46 48 51 52 55 56 58 74 
5 8 11 13 16 18 21 22 24 26 28 31 33 37 38 41 42 44 46 48 51 52 55 56 58 68 
0 3 5 6 11 14 18 21 22 24 26 28 31 33 37 38 46 55 56 
3 5 8 11 14 18 21 22 24 26 28 31 37 38 41 43 44 46 48 51 52 54 56 58 67 75 
3 8 14 18 21 22 24 26 28 31 34 37 38 41 43 44 46 48 51 52 54 56 58 60 75 77 78 
0 3 5 8 11 14 18 21 22 24 28 31 33 37 38 41 43 44 48 51 52 56 58 65 75 76 
0 3 5 8 14 18 21 22 24 26 28 31 33 37 38 41 43 48 51 52 54 64 66 70 75 78 
3 5 8 11 13 14 18 21 22 24 28 31 33 37 38 43 44 46 48 51 52 56 58 62 70 73 75 
3 5 6 8 11 14 18 21 22 24 28 31 37 38 41 43 44 46 48 51 52 54 56 58 60 63 75 
0 3 8 11 14 18 22 24 26 28 31 33 34 37 38 41 43 44 46 48 51 58 60 65 72 75 77 79 
3 5 8 11 13 14 18 22 24 26 28 31 34 37 38 43 44 46 51 52 56 60 64 70 72 75 79 
5 8 11 14 18 21 22 24 28 31 33 34 37 38 41 43 44 48 51 54 56 58 64 71 72 
5 6 8 11 14 18 21 22 24 28 31 33 34 37 38 43 44 46 48 51 52 54 56 58 60 64 71 76 
3 5 6 8 13 14 18 22 28 31 33 37 38 41 43 44 46 51 52 54 56 58 66 71 75 
3 8 11 14 18 21 22 24 26 31 33 34 37 38 41 43 44 46 48 51 52 54 56 58 77 
3 5 8 11 14 18 21 22 26 28 31 33 37 38 41 43 44 46 48 51 52 54 56 58 69 
5 8 11 14 18 21 22 24 26 28 31 34 37 38 41 43 44 46 48 51 52 54 56 58 67 
3 5 8 11 13 14 18 21 22 24 26 28 31 33 37 38 43 51 58 
8 11 14 18 21 22 24 26 28 31 33 34 37 38 41 42 44 46 49 51 52 54 56 58 66 76 
0 3 5 6 8 11 14 18 22 24 26 28 31 33 34 37 38 41 42 44 46 49 51 52 54 56 58 62 
0 3 5 6 8 13 14 18 21 22 24 26 28 31 33 34 37 38 41 42 44 46 49 51 52 54 56 58 68 78 
0 3 6 8 13 14 16 18 21 22 24 26 28 33 34 37 38 41 42 44 46 49 51 52 54 56 58 69 74 78 
0 5 6 8 11 13 14 16 18 21 22 24 26 28 31 33 34 37 38 41 42 44 46 49 51 52 54 56 58 74 
0 3 5 8 13 14 16 18 21 22 24 26 28 31 33 34 37 38 56 
0 5 8 11 13 14 16 18 21 22 24 28 31 33 34 37 38 41 42 44 46 49 51 52 54 57 58 60 66 
0 3 6 8 11 13 14 16 18 21 22 
1 3 5 6 8 11 13 14 16 22 28 
1 3 5 8 11 13 14 16 24 27 34 
0 3 5 6 8 13 14 16 18 21 23 24 27 28 31 33 37 38 41 42 44 46 49 51 52 54 57 58 79 
0 3 5 6 8 13 14 16 18 21 23 24 27 28 31 33 34 37 38 57 
0 3 5 6 8 11 14 16 18 21 23 24 27 28 31 33 34 37 38 41 42 44 46 49 51 52 56 58 67 68 
0 3 5 6 8 11 13 14 16 18 27 
1 3 5 8 11 13 14 16 18 21 23 24 26 28 31 34 36 38 41 42 44 49 51 52 54 56 58 66 68 
1 3 5 8 13 16 18 21 23 24 26 28 31 33 34 36 38 41 42 44 46 49 51 52 54 56 60 66 
1 3 5 8 11 14 16 18 21 23 24 26 28 31 33 36 38 41 42 44 46 49 51 52 54 56 58 63 
1 3 5 8 11 13 14 18 21 23 24 26 28 33 34 36 38 41 42 44 46 49 51 52 54 56 58 62 77 
1 3 5 6 8 13 14 18 26 28 31 33 34 36 38 41 42 44 46 49 51 52 54 56 58 75 76 
1 3 5 8 13 14 16 18 21 23 24 26 28 31 33 34 36 38 41 42 44 46 49 51 52 54 56 58 76 
1 3 5 6 8 13 18 21 24 26 28 31 33 34 36 38 43 46 49 54 
1 3 5 6 8 13 14 16 18 23 26 28 31 33 34 36 43 44 51 54 58 
1 3 5 6 8 11 13 16 18 34 36 
3 5 8 13 14 16 18 21 23 24 26 28 33 34 36 38 54 56 
3 5 8 11 13 14 16 18 21 23 24 26 31 34 36 38 42 44 46 48 51 52 55 56 58 60 74 
0 3 5 8 11 13 16 18 21 23 24 26 28 33 34 36 38 41 44 46 48 51 52 55 56 58 60 65 
3 5 6 8 11 14 16 18 24 26 28 31 34 36 38 41 42 44 46 48 51 52 55 56 58 60 62 64 67 77 
3 5 8 13 14 16 18 23 26 28 31 33 34 36 38 41 42 44 46 48 51 52 55 56 58 64 67 
3 5 8 11 13 14 16 18 21 23 24 26 28 31 34 36 38 41 42 44 46 48 51 52 56 58 64 66 73 
0 3 5 6 8 11 14 16 18 21 23 24 26 28 31 33 36 41 42 44 48 51 52 55 56 60 64 72 
0 6 8 11 13 14 16 18 21 23 24 26 33 34 36 38 41 42 44 48 51 52 55 56 58 61 63 73 74 
3 6 8 11 13 14 16 18 23 26 28 33 36 38 41 42 44 46 51 52 55 56 58 61 62 73 74 
3 5 6 8 11 13 14 16 18 21 23 24 26 28 31 33 34 36 41 42 44 46 48 51 56 58 61 62 67 73 77 
3 6 8 11 13 14 16 18 21 24 26 28 31 33 34 36 38 41 42 44 46 48 51 52 55 58 61 62 67 73 
5 6 8 13 14 16 18 21 23 24 26 28 31 33 34 36 38 41 42 44 46 48 51 52 55 58 61 73 76 
3 5 6 8 11 13 14 16 18 23 24 26 28 31 34 36 38 41 42 44 46 48 51 55 56 58 61 63 
3 5 6 8 11 13 16 18 23 24 26 28 31 33 34 36 38 42 44 46 48 52 55 56 58 61 62 72 77 
0 3 5 8 11 13 14 16 18 21 23 24 26 28 31 34 36 38 41 42 44 51 52 55 56 58 61 72 76 
3 5 8 13 14 16 18 21 23 26 28 31 33 34 36 38 42 44 46 48 52 55 56 58 61 62 65 66 
3 5 8 11 14 16 18 21 23 24 26 33 34 36 38 41 43 44 46 48 51 52 55 56 58 63 69 
0 3 5 8 13 14 16 18 21 23 26 28 31 33 34 36 38 43 44 46 48 51 52 55 56 58 61 77 
5 8 11 13 14 16 18 21 26 28 31 33 34 36 38 41 43 44 48 52 55 56 58 61 63 65 68 76 
3 5 8 13 14 16 18 21 23 26 28 31 33 34 36 38 41 43 44 48 51 52 55 56 58 63 64 
0 6 8 11 13 14 16 18 26 31 33 36 38 41 43 44 46 51 52 56 58 61 67 74 76 
0 3 5 6 8 11 16 18 24 26 28 33 34 36 43 44 46 55 56 58 
5 6 8 11 13 14 16 18 21 23 26 28 31 33 34 36 38 41 42 44 46 49 51 52 56 58 61 62 76 
3 5 6 8 11 13 16 18 21 23 26 28 33 34 36 38 41 42 44 46 49 51 52 55 56 58 61 62 67 73 
5 8 11 13 14 16 18 21 23 26 28 31 33 34 36 38 41 42 44 46 49 51 52 55 56 58 61 62 66 
3 5 6 8 11 13 14 16 18 21 23 24 26 28 31 33 36 38 41 42 44 46 49 51 52 55 56 58 61 
5 8 11 13 14 16 18 21 23 24 26 28 31 33 34 36 38 42 44 46 49 51 52 55 56 58 63 69 
3 5 8 11 13 14 16 18 23 26 28 31 33 34 36 38 41 42 44 46 49 51 52 55 56 58 68 
3 5 6 8 13 16 18 21 23 26 28 31 34 36 38 41 42 44 46 49 51 52 56 58 69 77 
5 8 11 13 14 16 18 21 23 26 28 31 33 34 36 38 41 42 44 46 49 51 55 56 58 62 69 73 76 
3 5 6 8 13 14 16 18 23 24 26 28 31 33 34 36 38 42 46 49 51 52 55 56 58 62 69 70 76 
0 5 8 11 13 18 23 24 26 28 33 34 36 38 41 42 44 46 49 51 52 55 56 58 62 69 72 76 
0 3 5 8 11 13 14 16 18 21 23 24 28 31 33 34 36 38 41 43 44 46 49 51 52 54 57 58 75 
0 5 8 13 14 16 18 26 28 31 33 34 36 38 41 43 44 46 49 51 52 54 57 58 63 69 
0 5 8 13 14 18 23 24 26 28 31 33 34 36 38 41 43 44 46 49 51 52 54 57 58 63 
3 5 8 13 16 18 21 23 26 28 31 33 34 36 43 49 52 54 58 
3 5 11 13 14 16 18 21 23 24 26 31 33 34 36 38 43 46 52 
0 3 8 11 13 16 18 28 34 36 38 
1 3 5 8 11 13 14 18 21 23 24 26 28 30 33 37 38 41 42 44 46 49 51 52 55 57 58 71 
1 3 5 8 11 13 14 16 18 21 23 26 28 30 33 34 37 38 41 42 44 46 49 51 52 57 58 62 74 
1 3 5 8 11 13 14 18 21 23 24 26 28 30 33 34 37 38 41 42 44 46 49 51 52 55 57 58 62 
1 3 5 8 11 13 14 16 18 21 23 26 28 30 33 34 37 38 41 42 44 46 49 51 52 55 57 58 68 
1 3 5 6 8 13 14 18 21 23 24 26 28 30 33 34 37 38 52 
0 3 5 6 8 11 13 14 18 21 23 24 26 28 30 33 34 37 38 52 
1 3 5 6 8 11 13 16 18 30 34 
0 3 5 6 8 11 13 14 16 18 30 34 
1 3 5 8 11 13 14 16 18 21 23 24 26 28 31 32 34 38 53 58 
1 5 6 8 11 13 14 18 21 23 24 26 28 31 32 34 37 38 53 59 
1 3 5 6 8 11 14 16 18 21 23 24 26 28 31 32 34 37 38 42 44 46 49 51 52 55 57 59 63 69 
1 3 5 8 11 14 16 18 21 23 24 26 28 31 32 34 37 38 41 42 44 46 51 52 55 59 63 67 70 
1 3 5 8 11 14 18 21 23 24 26 28 31 32 34 37 38 41 42 44 46 49 51 52 57 59 63 71 75 
3 5 8 11 13 16 18 21 23 24 26 28 31 32 34 37 38 41 42 44 46 49 51 52 55 57 59 63 71 
3 5 8 11 13 14 16 18 21 23 24 26 28 31 32 34 37 38 41 42 44 49 51 52 55 57 59 63 66 73 74 
3 5 8 13 14 16 18 21 23 24 26 28 31 32 37 38 41 42 44 46 49 51 52 55 57 59 63 66 68 
1 3 5 8 11 14 16 18 21 23 24 28 31 32 34 37 38 41 42 44 46 49 51 52 57 59 69 70 
1 5 6 8 14 16 18 21 23 24 26 28 31 32 34 37 38 41 42 44 46 51 52 55 57 59 62 69 71 
1 3 5 6 8 11 13 14 16 18 21 23 24 26 28 31 32 34 37 41 42 44 46 49 51 52 55 57 59 75 
1 3 5 6 8 13 14 16 18 21 32 
0 3 5 8 11 13 14 16 21 24 32 
1 3 5 8 11 13 14 18 21 23 24 26 28 31 33 34 37 39 46 52 
0 3 5 6 8 11 13 16 18 34 36 
0 5 8 11 13 14 16 18 21 23 24 26 28 31 33 34 37 39 41 42 44 46 49 51 52 57 59 67 70 
0 3 5 8 11 13 14 18 21 23 24 26 28 31 33 34 37 39 46 52 
0 3 5 8 11 13 14 18 21 23 24 26 28 31 33 34 37 39 41 42 44 46 49 51 53 55 57 59 71 
0 3 6 8 13 14 16 18 21 23 24 26 28 31 33 34 37 39 41 42 44 46 49 51 53 55 57 59 74 
0 3 5 8 11 13 14 16 18 21 23 24 26 28 31 33 34 37 39 41 42 44 46 49 51 53 55 57 68 70 
0 3 5 8 11 13 14 16 21 23 24 26 28 31 33 34 37 39 41 42 44 46 49 51 53 55 57 59 62 
0 3 5 8 11 13 14 16 21 23 24 26 28 31 33 34 37 39 46 
1 3 5 6 8 11 13 14 16 18 34 39 
0 3 5 6 8 11 13 14 16 18 39 
1 3 5 6 8 11 13 16 18 21 22 24 29 31 33 34 37 38 48 59 
1 3 5 8 11 13 14 16 18 21 22 24 26 29 31 33 34 37 41 42 44 47 48 51 53 55 57 58 60 
1 3 5 6 8 11 13 14 16 21 22 24 26 29 31 33 34 37 44 48 
1 3 5 6 8 11 13 14 16 21 22 24 26 29 31 33 37 38 41 42 45 47 48 51 53 55 57 58 65 
1 3 5 8 11 13 16 18 21 22 24 26 29 31 33 34 37 38 41 42 45 47 48 51 53 55 57 58 73 
1 3 5 8 11 13 14 16 18 21 22 24 29 31 33 34 37 38 41 42 45 47 48 51 53 55 57 58 67 
1 3 5 8 11 13 16 18 21 22 24 26 29 31 33 34 37 38 47 48 
1 3 5 8 11 13 16 18 21 22 24 26 29 31 33 34 37 38 41 42 45 46 48 51 53 55 57 58 66 
1 3 5 8 11 13 14 16 18 21 22 24 26 29 31 33 34 37 41 42 45 46 48 51 53 55 57 58 64 
1 3 5 6 8 11 13 14 16 18 21 22 24 26 29 31 33 34 37 38 48 
1 3 5 8 11 13 14 16 18 21 22 24 29 31 33 34 37 38 45 55 
1 3 5 6 8 11 13 16 18 21 22 24 29 31 33 34 37 38 45 53 
1 3 5 6 8 11 13 16 18 21 22 24 29 31 33 34 37 38 41 42 44 46 49 51 53 54 57 58 72 
1 3 5 6 8 11 13 14 16 21 22 24 29 31 33 34 37 41 42 44 46 49 51 53 54 57 58 61 73 
1 3 5 6 8 11 13 16 18 21 22 24 26 29 31 33 34 37 53 54 
1 3 5 6 8 11 13 16 18 21 22 24 26 29 31 33 34 37 38 53 
1 3 5 6 8 11 13 14 18 21 22 24 26 29 31 33 37 38 52 55 
1 3 5 6 8 11 13 16 18 21 22 
3 5 6 8 11 13 14 16 18 29 34 
1 3 5 6 8 11 13 14 18 20 23 24 26 28 31 33 34 37 38 54 
1 3 6 8 11 13 14 16 18 20 23 24 26 28 31 33 34 37 38 52 
1 3 5 6 8 11 13 14 16 18 20 
0 3 5 6 8 11 13 14 16 18 20 
3 6 8 11 13 15 16 18 20 22 24 26 29 30 33 34 37 39 58 
0 3 5 6 8 13 15 16 18 22 29 39 
0 5 6 8 11 13 15 16 18 20 22 24 26 29 30 33 34 37 38 46 55 
0 3 5 8 11 13 15 16 18 20 22 24 26 29 30 33 34 37 38 53 59 
0 3 5 6 8 11 13 15 16 18 20 22 24 26 29 30 33 34 37 38 53 
0 3 5 6 8 11 15 18 20 29 30 
0 3 5 6 8 11 15 16 18 20 29 
0 3 5 6 8 11 13 15 18 20 22 
0 3 5 6 8 11 13 15 16 18 20 
0 3 5 8 11 15 16 18 21 23 24 26 28 31 32 34 37 38 41 42 44 46 49 51 52 54 57 58 69 
0 3 5 8 11 13 15 16 18 23 24 26 28 31 32 34 37 38 41 42 44 46 49 51 52 54 57 58 75 
0 3 5 8 13 15 16 18 21 23 24 26 28 31 32 37 38 41 42 44 46 49 51 52 54 58 63 67 
0 3 5 8 13 15 16 18 21 23 24 26 28 31 32 34 37 38 41 42 44 46 49 51 54 57 63 66 78 
0 3 5 6 8 11 13 15 18 21 23 24 26 28 31 32 34 38 41 42 44 46 49 51 52 54 57 58 74 
0 3 5 8 11 13 15 18 24 26 28 31 32 34 38 41 42 44 46 51 52 55 57 58 63 70 73 79 
3 5 8 11 13 15 16 18 23 24 26 28 31 32 34 37 38 41 42 44 46 49 51 52 55 57 58 63 66 74 
3 5 8 11 13 15 18 21 23 26 28 31 32 34 37 38 42 44 46 49 51 52 55 57 58 63 66 68 
0 3 8 11 13 15 16 18 21 23 26 31 32 34 37 38 41 42 44 46 49 51 55 57 58 63 66 
0 3 6 8 11 13 15 16 18 23 24 26 28 31 32 34 37 38 41 42 44 46 49 51 52 55 57 58 69 
0 3 5 8 11 13 15 16 18 21 23 24 26 28 32 34 37 38 41 42 44 46 49 51 52 55 57 58 63 
0 3 5 6 11 15 16 18 21 23 24 26 31 32 34 37 38 41 42 44 46 49 51 52 55 57 58 75 
0 3 5 8 11 13 15 16 18 21 23 24 26 28 31 32 34 37 55 58 
0 6 8 11 13 15 18 21 23 24 26 28 31 32 34 37 38 41 42 44 46 49 51 52 54 56 58 62 78 
0 3 6 8 13 15 18 21 23 24 26 28 31 32 34 37 38 41 42 44 49 51 52 54 56 58 62 67 
0 3 6 8 13 15 18 21 23 24 26 28 31 32 34 37 38 41 42 44 46 49 51 52 54 56 58 62 
3 5 6 8 13 15 16 18 21 23 24 26 28 31 32 34 37 38 56 58 
5 8 11 15 18 21 23 24 26 28 31 32 37 38 41 43 44 46 49 51 52 54 57 58 63 
3 5 6 8 11 15 18 21 23 24 26 32 37 38 41 43 44 46 49 51 52 54 57 58 70 
3 5 6 8 15 18 21 23 24 26 28 31 32 34 37 38 41 43 46 49 51 52 54 57 58 77 79 
5 8 11 15 18 21 23 24 26 28 31 32 37 38 43 54 57 58 
3 5 8 11 13 15 18 21 23 24 26 32 34 37 38 41 42 44 46 48 51 54 57 58 66 71 
3 5 8 11 13 15 18 21 23 24 26 28 31 32 34 37 38 41 42 44 46 48 51 52 54 57 58 62 66 
3 5 8 11 13 15 16 18 21 23 26 28 31 32 34 37 38 48 54 57 
3 5 6 8 11 13 15 18 21 23 24 26 28 31 37 38 41 43 44 46 51 52 55 57 59 70 77 
3 8 11 13 15 18 21 23 24 26 28 31 32 34 37 38 43 48 52 
3 8 11 13 15 16 18 21 23 24 26 28 31 32 34 37 38 41 42 44 46 48 51 52 55 57 59 71 
3 5 11 13 15 16 18 21 23 24 26 28 31 32 34 37 38 48 
0 3 5 6 8 11 13 15 16 18 32 
0 3 5 6 11 13 15 16 21 24 26 31 33 34 37 39 41 42 44 46 49 51 52 55 57 59 74 
0 3 5 6 11 13 15 18 24 31 39 
0 3 5 6 8 11 13 15 16 23 24 26 28 30 33 34 37 39 41 42 44 46 49 51 52 55 57 59 75 
3 5 6 11 13 15 18 21 23 24 26 28 30 33 34 37 39 52 
0 3 5 6 8 11 13 15 16 18 39 
0 3 6 8 11 13 15 16 18 21 23 26 28 30 33 34 37 38 41 42 44 46 49 51 53 55 57 59 74 
0 3 6 8 11 13 15 16 18 21 23 24 26 28 30 33 34 37 38 41 42 44 46 49 51 53 55 57 59 68 
0 3 5 8 11 13 15 16 18 21 23 24 26 28 30 33 34 37 38 41 42 44 46 49 51 53 55 57 59 62 
0 3 5 6 8 13 15 16 18 21 23 24 26 28 30 33 34 37 38 59 
0 3 5 6 8 11 13 15 16 18 30 
10 
0 5 6 9 11 13 15 16 18 21 23 24 26 28 32 34 37 38 53 55 58 
6 9 11 13 15 18 21 24 26 28 30 32 34 37 38 41 42 44 46 49 51 53 54 57 58 69 
3 6 9 11 13 15 18 21 24 26 28 30 32 34 37 38 41 42 44 46 49 51 53 54 58 63 75 
0 11 13 15 18 21 23 24 26 28 30 32 34 37 38 41 42 44 46 49 51 53 54 57 58 74 
3 6 9 11 13 15 18 21 23 26 28 30 32 34 37 38 49 53 54 58 
5 6 9 11 13 15 18 21 23 24 26 28 32 34 38 42 44 46 48 51 53 54 57 58 62 68 75 
3 5 6 9 11 13 15 16 18 23 24 26 28 32 34 37 38 41 42 44 46 51 53 54 57 58 62 74 
3 6 9 11 13 15 18 21 23 24 30 32 34 37 38 46 48 53 54 
5 9 11 13 15 16 18 21 23 24 26 28 30 32 34 37 38 41 42 44 46 48 51 53 57 59 69 77 
0 5 9 11 13 15 18 21 23 24 28 30 32 34 37 38 41 42 44 46 48 51 53 55 57 59 75 76 
3 9 11 13 15 18 21 23 24 26 28 30 32 34 37 38 41 42 44 46 48 51 53 55 57 59 76 
3 5 9 11 13 15 18 21 23 24 26 28 30 32 34 37 38 46 48 53 
3 6 9 11 13 15 16 18 21 24 26 28 30 32 34 37 38 41 42 44 46 49 51 53 55 57 59 70 
3 6 9 11 13 15 16 18 21 23 24 26 28 30 32 34 37 38 46 53 
3 6 9 11 13 15 16 18 21 30 32 
3 5 9 11 13 15 16 18 21 23 24 26 28 30 34 37 38 41 42 44 46 49 51 52 55 57 59 71 
3 5 9 11 13 15 18 21 23 24 26 28 30 33 34 37 38 55 
9 16 
