19 41 
159 
47 
41 
133 
45 99 
25 99 
77 99 
35 135 
91 135 
69 91 149 
91 99 149 
99 149 
9 37 71 
9 71 125 
9 125 
7 129 
17 83 147 
17 21 147 
17 93 143 
1 9 93 
1 9 
21 75 129 
39 129 
9 53 121 
73 
87 
9 
7 17 
7 53 137 
7 27 
7 109 
7 21 
7 149 
7 89 
7 95 
7 105 
7 120 
7 85 
7 74 115 
7 139 
7 74 
7 59 
7 112 
7 124 
7 57 
7 151 155 
7 33 155 
7 33 
7 36 153 
7 146 153 
7 15 153 
7 36 
7 15 
7 90 
7 98 
7 
53 99 
53 91 
14 53 
53 147 
53 111 
53 114 
53 75 
53 152 
53 150 
53 154 
53 138 
53 58 
0 53 55 
53 55 
53 
1 139 
37 139 
32 119 139 
71 
32 89 125 
32 89 113 
32 42 136 
16 42 136 
42 136 141 
17 
80 89 
74 80 
80 139 
75 112 
75 139 
33 75 124 
33 124 138 
33 150 
74 150 
91 155 
54 91 
91 115 
91 
36 114 
114 118 
12 125 
12 58 
58 124 
124 154 
55 124 
55 59 
118 125 156 
118 138 156 
12 
50 
32 140 
88 140 
140 
89 113 
113 121 130 
130 
52 99 139 
99 112 115 
112 125 138 
37 74 118 
106 118 155 
106 118 
139 154 
36 126 
59 126 
37 59 118 
14 32 124 
14 74 118 
14 59 118 
14 36 151 
14 36 155 
14 118 155 
37 54 118 
58 64 
93 150 
32 93 
39 155 
39 54 
54 119 154 
10 37 
37 151 154 
151 154 
15 99 
2 37 55 
100 138 150 
100 138 
37 55 151 
55 151 
58 105 138 
58 78 
75 78 125 
105 
10 75 
19 54 
115 144 
59 144 
144 155 
114 151 
15 114 155 
1 15 54 
1 54 
126 
0 66 
66 155 
66 103 
66 146 
102 
111 115 
111 
0 22 114 
4 114 
77 114 
114 129 
129 138 
21 37 58 
21 58 
22 88 
77 138 
37 120 
37 48 86 
48 148 
58 120 
120 
59 119 150 
122 138 
137 150 
32 137 
109 138 
83 
25 26 
32 89 
32 112 
32 116 
26 32 77 
100 
32 122 
54 139 147 
54 59 147 
45 
57 113 
119 124 138 
28 138 
96 
21 
124 143 
56 135 138 
60 
2 32 
59 143 
28 88 
88 135 
0 106 125 
32 109 
156 
36 58 74 
15 58 74 
15 39 
152 
147 155 
115 147 
15 147 
85 138 
32 85 113 
32 118 129 
30 59 
0 15 30 
10 138 
10 16 
78 88 
30 36 115 
30 115 
30 146 
30 
147 
99 115 
99 153 
1 36 
39 146 
114 155 
1 155 
144 
4 75 
4 138 
14 115 118 
33 58 
33 75 
14 33 
64 138 
109 
26 64 
93 
2 
26 119 122 
137 
112 119 
119 124 
26 77 88 
85 125 
4 88 
106 
112 125 
122 
26 135 
28 
57 97 
22 26 
26 77 
85 
78 
4 
35 36 89 
35 36 139 
33 35 36 
88 129 
26 118 129 
15 35 115 
35 
80 115 
80 153 
69 146 
