19 41 
47 
25 35 
35 41 
7 30 45 
7 30 77 
30 41 
69 71 73 
7 71 73 
9 30 71 
9 30 
30 57 
7 27 30 
7 21 30 
7 30 59 
17 30 39 
17 30 
30 53 
30 59 
30 33 
30 
12 19 
10 37 
10 75 
10 16 
10 58 
10 26 
12 
42 
17 55 
1 17 
17 
25 
27 
26 57 
15 66 
78 
26 62 
48 
2 
71 
1 33 36 
7 74 
45 
28 
33 35 36 
35 59 
33 37 
4 
33 55 
33 36 75 
22 26 
69 74 
53 
64 
14 33 36 
50 
73 
60 
33 36 58 
39 74 
41 
26 77 
9 
21 
59 66 
1 59 
14 55 59 
14 36 74 
58 74 
7 59 
39 59 
1 54 
7 31 54 
54 69 
39 54 
31 69 
7 
39 
1 15 
14 36 
55 59 
19 54 
19 
