19 41 
47 
41 
45 99 
25 99 
77 99 
35 109 
69 109 
69 77 
7 21 71 
9 69 
69 95 
17 69 
7 27 
53 83 91 
7 89 
7 105 
7 87 
7 85 
7 17 
7 83 
7 59 
7 71 73 
7 15 71 
7 71 
7 57 115 
7 111 115 
7 39 115 
7 115 
7 33 93 
7 93 
7 
91 
37 48 
14 48 
20 48 
48 
58 87 
87 
21 
59 114 
1 36 
36 114 
53 58 
53 
55 74 
85 113 
33 39 
33 36 75 
59 99 
33 99 
15 33 58 
33 75 
33 37 
88 105 119 
88 105 113 
93 
89 113 
95 
104 116 
10 
30 89 
30 33 112 
33 59 102 
102 112 
32 112 
60 
25 
9 
74 80 
59 80 
28 88 
36 58 74 
26 32 77 
26 77 88 
33 35 36 
35 59 
26 64 
71 88 
71 
83 
16 42 
45 
12 
17 
14 112 
85 
78 
112 119 
28 
0 106 
89 111 
22 26 
4 
16 100 104 
73 
109 
96 
15 66 
57 97 
2 
69 89 
26 62 
19 54 
50 
26 77 
69 74 
33 111 
30 36 74 
99 115 
15 54 99 
0 15 30 
30 54 
30 110 
30 
15 39 
15 111 
1 118 
114 118 
37 59 118 
37 54 118 
69 115 
15 69 110 
99 
15 54 114 
19 
102 
80 115 
15 80 
35 110 
80 
39 
111 
106 
54 114 
1 54 
69 90 110 
14 36 
58 74 
