19 
1 3 5 7 9 11 13 15 17 18 21 
1 2 
0 2 5 7 9 11 13 15 17 18 23 
2 5 9 11 15 18 21 29 31 35 39 
2 5 8 11 13 15 18 27 29 31 35 39 
0 2 5 6 8 11 13 14 18 27 29 39 
0 2 5 7 8 11 13 14 17 18 27 
2 14 16 
0 2 5 8 10 13 14 18 27 29 39 
2 6 10 13 15 17 18 25 29 33 39 
0 2 8 10 13 15 18 29 31 35 39 
5 10 
10 
4 6 8 13 15 17 18 21 29 33 39 
0 2 4 6 8 11 13 15 17 18 39 
0 2 4 7 8 11 13 15 17 18 32 
0 2 4 7 8 11 13 15 17 18 39 
2 4 16 
0 2 6 8 11 13 15 17 18 27 29 
4 
2 5 6 8 11 13 15 17 18 23 29 
0 2 5 6 8 11 13 17 18 22 29 
0 2 5 6 8 11 13 15 16 18 29 
2 8 16 
0 2 5 7 8 11 13 15 17 18 31 
0 2 5 7 8 11 13 15 17 18 21 30 
2 8 
0 7 
1 3 5 7 8 11 13 15 17 18 30 
1 3 5 7 8 11 13 15 17 18 29 
1 3 5 7 8 11 13 15 16 18 29 31 
1 3 5 7 8 11 13 15 16 18 22 
1 3 5 7 8 11 13 15 16 18 29 30 
1 3 5 7 8 11 13 18 22 29 30 
7 
1 3 5 6 8 11 13 14 18 20 29 
1 3 5 6 8 11 13 14 16 18 29 34 
1 3 5 6 8 11 13 14 16 18 29 
1 3 5 6 8 11 13 14 17 18 29 
0 3 5 6 8 11 13 14 16 18 29 
1 3 5 6 8 11 13 15 16 18 21 29 
1 3 5 6 8 11 13 15 16 18 29 35 
1 3 5 6 8 11 13 15 16 18 29 38 
1 3 5 6 8 11 13 15 16 18 29 
1 3 5 6 8 11 13 15 17 18 30 
1 3 5 6 8 11 13 15 17 18 39 
1 3 5 6 8 11 13 15 17 18 29 
0 3 5 6 8 11 13 15 18 20 23 29 
0 3 5 6 8 11 13 15 16 18 23 29 
0 5 6 8 11 13 15 16 18 21 29 
0 3 5 6 8 11 13 15 18 20 29 
3 5 6 8 11 13 14 17 18 20 29 31 
0 3 5 6 8 11 14 17 18 22 29 
0 3 5 6 8 11 14 17 18 20 23 29 
0 5 6 8 11 13 14 17 18 21 23 29 
0 5 6 8 11 13 15 17 18 21 29 
1 3 5 6 8 11 13 15 16 18 22 38 
1 3 5 6 8 11 13 15 16 18 20 30 
1 3 5 6 8 11 13 15 16 18 20 
1 15 
1 3 5 6 8 11 13 16 18 34 36 
1 3 5 6 8 11 13 14 16 18 25 
1 3 5 6 8 11 13 14 16 18 35 
1 3 5 6 8 11 13 16 18 30 34 
1 3 5 6 8 11 13 14 16 18 27 
1 3 5 6 8 11 13 14 16 18 22 
1 3 5 6 8 11 13 14 16 18 34 39 
1 3 5 6 8 11 13 14 16 18 20 
1 3 5 6 8 11 13 14 17 18 30 
1 3 5 6 8 11 13 14 17 18 20 
14 17 
0 3 5 6 8 11 13 15 16 18 36 
0 3 6 8 11 13 16 18 28 36 38 
0 3 5 6 8 11 13 14 16 18 25 
0 3 5 6 8 11 13 14 16 18 35 
0 3 5 6 8 11 13 14 16 18 30 34 
0 3 5 6 8 11 13 14 16 18 27 
0 3 5 6 8 11 13 14 16 18 22 31 
0 3 5 6 8 11 13 14 16 18 39 
0 3 5 6 8 11 13 14 16 18 32 
0 3 5 6 8 11 13 14 16 18 20 
0 3 5 6 8 11 13 15 16 18 20 
0 3 5 6 11 13 15 16 18 21 32 
0 3 5 6 8 11 13 15 16 18 35 
0 3 5 6 8 11 13 15 16 18 21 30 
0 3 5 6 8 11 13 15 16 18 27 
0 3 5 6 8 11 15 16 18 21 22 
0 3 5 6 8 11 13 15 16 18 39 
0 3 5 8 11 13 15 18 24 30 32 
0 3 5 6 8 11 13 15 17 18 30 
17 
9 
12 
