19 169 
47 217 
159 217 
137 169 223 
159 
41 197 
45 99 
25 99 
35 109 
7 135 
99 225 
187 225 
197 201 207 
7 77 
7 233 
225 
9 133 181 
69 133 
91 133 235 
133 143 
133 197 
133 147 
1 133 
133 191 
71 87 223 
71 149 223 
9 37 231 
9 37 85 
9 125 
9 161 167 
149 195 
149 191 
9 
109 223 
191 233 
27 167 237 
167 237 
85 129 223 
85 
201 
83 
21 
219 223 
55 73 
57 167 
57 113 
57 191 
57 223 
57 75 
57 177 
39 199 
55 93 199 
17 55 93 
55 93 111 
55 93 137 
55 93 95 
55 57 93 
53 175 235 
119 227 235 
26 119 235 
97 119 235 
57 119 
119 198 235 
93 119 
119 235 
96 119 
27 119 
105 119 
119 239 
119 199 
119 226 
112 119 
89 119 
119 124 
119 166 
119 176 
0 217 
171 217 
167 190 217 
59 167 217 
1 33 55 
55 139 191 
139 170 191 
36 139 191 
139 191 
37 139 
69 125 171 
33 155 182 
137 138 
171 190 223 
78 138 
78 88 
161 
96 
105 177 
125 177 239 
125 239 
125 137 
137 167 
124 167 176 
47 113 
47 56 
47 82 
57 238 
57 
235 
88 239 
239 
112 143 
143 176 
89 113 
113 202 
202 
135 175 
88 135 
88 174 
20 48 
118 164 
0 164 
164 180 
1 33 36 
1 36 139 
1 36 190 
1 36 171 
1 36 59 
74 223 
147 194 222 
36 58 74 
58 74 170 
37 118 194 
37 58 190 
37 150 194 
119 150 194 
58 150 222 
118 129 223 
129 223 
35 186 
35 36 155 
35 115 
35 155 
155 187 
187 
15 54 114 
54 118 214 
54 154 214 
54 119 154 
37 54 154 
22 75 160 
0 53 223 
53 223 
1 154 215 
1 15 115 
1 15 
217 
1 118 
0 181 
153 181 
4 114 
4 223 
4 170 
4 154 
154 171 
154 214 222 
1 55 151 
1 151 
151 214 
64 195 223 
64 150 177 
64 138 170 
64 170 214 
64 118 195 
64 75 150 
64 170 238 
26 55 64 
26 64 150 
64 88 211 
32 64 227 
64 150 227 
64 104 150 
64 150 211 
64 
27 125 150 
150 210 238 
27 150 
105 150 
150 226 
89 150 
150 171 176 
150 176 
112 150 
139 150 
33 150 
150 166 
124 150 
74 150 
150 190 
150 222 
150 231 
32 125 130 
59 197 
0 106 167 
106 
1 59 223 
14 59 223 
37 59 223 
59 119 150 
59 195 
36 126 
204 223 
177 184 
42 223 
118 156 167 
28 223 
100 153 223 
199 223 
19 54 
122 223 
54 143 194 
30 194 
73 125 
10 167 
111 194 
93 223 
87 
152 194 
116 138 
59 91 
59 154 
12 
45 
7 59 
54 212 
17 170 223 
25 138 
80 194 
99 155 215 
71 160 
194 220 
140 223 
95 191 
41 
120 
59 208 
162 170 
59 188 
62 138 
115 144 
118 150 171 
15 66 
39 59 
50 88 167 
172 191 
59 102 167 
223 228 
207 223 
77 138 191 
169 175 223 
2 223 
56 192 
69 115 
19 
0 7 156 
7 162 215 
7 80 171 
126 143 215 
126 143 
80 126 
126 220 
111 147 171 
111 171 197 
114 171 
197 
152 155 
152 
15 220 
0 220 
220 
147 
39 
75 156 
212 
114 155 
1 155 
102 155 
102 115 
15 188 
0 188 
188 
7 
91 189 
69 119 153 
55 126 
66 189 
80 221 
1 36 
30 189 
102 
208 
99 153 189 
143 
114 215 
36 114 
144 186 
15 111 
111 
4 195 
0 55 171 
171 195 
4 75 160 
0 53 75 
129 138 
58 210 
58 74 
14 204 
140 177 
58 207 
207 
210 
33 75 
22 88 233 
22 198 
4 198 
14 33 
14 190 
14 122 191 
2 14 191 
42 138 
191 228 
160 162 
28 138 
100 138 160 
17 75 
88 169 175 
58 231 
231 
17 138 
138 156 
14 74 170 
14 151 154 
14 55 151 
15 58 171 
37 204 
2 119 191 
122 
125 130 167 
37 138 233 
37 95 138 
2 119 138 
33 37 
32 133 
37 172 
138 228 
37 77 138 
37 170 190 
37 151 154 
37 55 151 
138 184 
50 138 
37 130 191 
37 135 
27 37 138 
37 237 
58 105 138 
37 195 226 
138 174 
118 176 195 
89 195 
112 195 199 
2 195 199 
2 195 222 
37 124 195 
37 75 166 
37 118 222 
37 118 151 
119 194 223 
25 167 205 
42 75 95 
42 75 
42 125 170 
119 139 170 
138 233 
33 119 170 
95 
75 119 190 
167 204 
77 138 203 
129 177 
32 119 139 
33 36 191 
133 177 
62 177 
0 53 88 
167 233 
36 75 171 
100 160 177 
28 177 
2 119 177 
177 228 
77 167 177 
17 177 
156 167 
14 36 171 
14 36 59 
14 36 194 
14 36 222 
14 36 151 
118 123 156 
93 
32 105 
27 32 
32 226 
32 170 199 
32 89 
32 112 
32 176 
105 170 
137 
73 113 
25 238 
42 113 170 
140 170 238 
26 184 238 
88 118 129 
125 170 176 
184 198 238 
27 113 170 
27 170 238 
89 170 
73 
42 170 227 
170 226 
26 50 175 
10 175 
170 199 
116 238 
133 170 
130 203 234 
112 138 176 
138 170 176 
113 204 
204 238 
112 138 
33 124 138 
166 191 
32 172 
113 172 
170 172 
62 118 238 
88 233 238 
174 227 
105 
140 
237 238 
27 227 238 
141 169 175 
112 125 
42 238 
129 238 
174 238 
27 
226 
199 
133 
53 118 
138 176 
172 238 
233 
75 139 
75 166 
28 
2 
228 
26 77 227 
17 
14 55 215 
154 194 
14 36 215 
36 119 214 
