19 
27 31 35 
1 3 5 11 13 15 17 18 21 23 26 29 31 33 39 57 59 63 69 73 79 
1 3 4 7 9 11 13 15 17 18 21 23 25 26 29 31 33 35 37 39 65 
4 25 35 
25 35 
7 21 35 
1 3 5 8 10 13 15 17 20 23 24 26 31 35 39 41 45 47 51 57 63 
1 3 5 8 10 13 15 18 20 23 24 26 31 33 35 37 39 51 57 63 65 
7 10 22 
1 3 6 8 10 13 15 16 20 22 24 29 31 35 37 39 41 45 51 57 77 
5 22 
10 39 
10 33 35 
1 3 5 6 8 10 13 15 16 20 23 24 26 28 30 32 35 37 38 45 51 
10 28 30 
10 
1 3 5 6 8 11 13 16 18 20 23 24 26 29 30 32 34 37 38 51 57 59 
1 3 5 8 11 13 15 16 18 20 23 24 26 29 30 37 38 47 51 57 63 
1 3 5 6 8 11 13 15 18 20 23 24 26 29 30 32 34 37 38 47 51 57 
1 5 6 8 13 15 20 23 24 26 30 32 34 37 41 45 51 57 58 61 79 
15 30 
1 3 5 6 8 11 13 14 16 18 20 23 24 26 29 30 34 37 51 57 75 
1 3 5 6 8 11 13 14 18 23 24 30 32 34 37 38 41 51 57 62 74 77 
1 3 5 6 8 13 14 16 18 20 24 29 30 34 37 38 41 51 71 74 77 
1 3 5 8 11 13 14 16 18 23 24 26 30 32 34 37 51 57 61 73 74 77 
1 3 5 6 8 11 14 16 18 20 23 24 26 30 32 34 37 41 51 57 70 72 
1 5 6 13 14 18 20 24 26 29 30 32 34 37 38 41 46 51 57 72 74 
1 3 5 6 8 14 16 18 20 23 24 26 29 30 32 34 37 38 41 47 51 72 74 
1 3 5 8 11 14 16 18 23 24 26 29 30 32 35 37 41 61 63 72 74 
1 3 5 6 11 13 14 16 18 20 23 24 29 30 35 37 38 41 51 53 72 74 
1 3 5 6 13 16 20 23 24 26 30 35 37 38 41 43 52 55 57 72 74 
1 3 5 6 13 16 18 20 23 24 29 35 37 38 41 42 51 52 57 61 72 74 
1 3 5 6 8 13 14 16 18 23 24 26 30 32 35 37 41 43 57 72 74 
1 3 6 8 11 13 14 16 18 20 23 24 26 29 32 35 37 41 42 52 74 
1 3 5 6 8 11 13 14 16 20 24 26 29 30 35 37 38 41 51 54 60 74 
1 3 5 6 8 11 13 14 16 18 20 24 26 35 37 38 41 51 57 62 74 
1 3 5 8 11 13 14 16 18 20 23 24 26 29 35 37 41 51 52 63 74 
1 3 5 8 11 13 14 16 18 20 23 24 26 29 32 35 37 38 41 63 74 
1 3 5 6 8 11 13 14 16 18 20 24 26 29 30 35 37 41 51 58 74 
1 3 5 6 11 13 14 16 18 23 24 26 29 30 35 37 41 51 53 69 74 
1 3 6 8 11 16 18 20 23 24 26 30 32 35 37 38 51 55 68 71 74 
1 3 6 8 11 13 14 16 20 23 24 26 29 35 37 38 53 54 59 61 74 
1 3 5 6 11 13 14 16 18 20 24 26 29 35 37 38 41 51 68 70 74 
1 3 5 6 8 11 13 16 18 24 29 30 32 38 41 51 52 59 62 71 74 
1 3 5 6 8 11 14 16 18 20 23 24 29 30 35 37 38 41 47 51 73 74 
1 3 5 6 8 11 13 18 20 23 24 29 30 37 38 41 46 51 52 59 74 
3 6 8 11 13 14 16 20 24 26 29 30 35 37 41 43 45 51 70 72 74 
1 3 5 6 8 11 14 16 18 24 26 29 30 35 37 41 43 44 51 52 62 74 
3 5 6 8 11 13 16 18 20 23 24 29 30 34 37 38 41 44 52 55 63 74 
1 3 5 6 8 11 13 16 18 23 24 26 29 30 37 41 44 46 51 62 74 
1 3 5 6 8 11 13 14 18 20 23 24 29 30 34 37 38 41 46 51 52 74 
1 3 5 6 8 11 13 14 16 20 24 29 30 32 34 37 38 41 51 52 63 74 
1 3 5 6 8 11 13 14 18 20 23 24 26 29 37 38 41 51 52 70 74 
1 3 5 6 8 11 16 18 20 23 24 26 29 30 32 34 37 38 41 51 52 74 
1 3 5 6 8 11 13 14 16 20 24 26 29 30 34 38 41 47 51 60 71 74 
1 3 5 6 8 14 16 18 20 23 24 26 29 30 32 38 41 47 51 62 74 
1 3 5 6 8 11 13 14 18 20 24 29 30 32 34 37 38 41 51 61 74 
1 3 5 6 8 11 14 18 20 23 24 26 29 30 37 38 41 47 51 70 74 
1 3 5 6 8 11 14 16 18 20 23 24 26 29 30 34 37 38 41 51 56 74 
3 5 6 8 11 13 14 18 20 23 24 29 30 34 37 38 41 51 57 70 74 78 
1 5 6 8 11 13 14 16 18 20 23 24 26 29 30 38 41 51 74 76 79 
1 5 8 11 13 14 16 18 24 29 30 32 34 37 38 41 51 57 60 74 79 
1 3 5 6 8 13 14 16 18 20 24 26 29 30 34 37 38 41 51 71 74 
1 5 6 8 11 13 16 18 20 23 24 26 33 34 37 38 41 57 70 77 79 
1 3 5 6 11 14 16 20 23 24 29 33 35 37 38 41 51 52 59 72 74 
1 3 5 13 14 16 18 23 24 29 30 33 35 37 41 56 61 63 68 74 76 
1 8 11 13 14 16 20 23 24 26 29 30 35 37 53 56 61 63 68 73 74 
1 3 5 6 11 14 16 20 23 24 29 35 37 38 41 43 46 56 67 68 74 77 
35 
1 3 6 11 13 18 20 24 29 30 34 37 38 41 46 51 56 66 68 71 74 
1 5 6 8 11 14 16 18 20 27 29 30 33 34 37 38 51 56 59 68 76 
1 3 6 8 11 13 14 18 20 23 24 27 29 30 34 38 41 51 59 71 74 
1 3 5 6 8 11 13 18 20 23 24 27 29 30 34 38 41 51 62 71 74 
1 3 5 6 8 13 14 18 20 23 24 27 29 30 34 37 38 41 51 61 71 74 
1 3 5 6 8 11 13 16 18 23 24 29 30 33 34 38 41 51 60 71 74 
1 3 5 6 8 11 13 16 18 24 27 29 30 32 34 38 41 51 56 60 71 74 
1 3 5 6 8 13 14 16 18 20 23 24 29 30 34 38 41 51 57 60 74 
1 3 5 6 8 11 13 16 18 20 23 24 27 29 30 33 34 38 41 51 62 
1 5 6 8 11 13 16 18 20 23 24 29 30 33 37 38 41 51 63 74 76 
1 3 5 6 8 13 14 18 20 24 29 30 34 37 38 41 51 61 70 74 77 
1 3 5 6 8 13 14 18 20 23 24 27 29 30 33 34 37 38 41 51 74 78 
1 3 5 6 8 11 13 14 18 20 23 24 27 29 30 34 38 41 51 74 79 
1 3 5 6 8 11 13 14 16 18 20 27 29 30 32 34 38 41 51 74 77 
1 5 6 8 11 13 14 18 20 23 24 27 29 30 32 34 38 41 51 60 63 
3 5 6 8 11 13 16 18 20 23 24 29 30 32 34 38 41 51 62 70 74 
1 3 5 6 8 11 13 16 18 20 24 28 30 34 37 38 41 51 61 62 74 
5 6 8 11 13 14 16 18 23 24 27 28 30 33 34 37 38 41 61 65 73 74 
1 3 6 13 16 18 20 23 24 27 28 30 33 34 37 38 41 55 64 73 74 
1 3 5 6 8 11 14 16 18 20 23 24 27 28 30 34 37 38 41 54 64 73 
1 3 5 8 11 13 14 20 24 28 30 33 34 37 38 41 51 54 61 70 72 
1 3 5 11 14 16 18 20 23 24 27 28 30 33 34 37 38 41 51 61 70 72 
1 3 5 8 11 13 14 16 18 23 24 27 28 30 33 34 38 41 51 63 74 
5 27 30 
1 5 6 8 11 13 20 23 24 26 28 30 33 34 37 38 41 46 51 62 72 74 
1 3 5 8 11 16 18 20 23 24 26 28 30 33 34 37 38 41 46 51 72 74 
1 3 6 8 11 18 20 23 24 26 28 30 33 37 38 41 55 63 70 72 74 
1 3 5 8 11 13 16 18 23 24 26 28 30 33 34 38 41 51 53 62 72 74 
1 5 6 8 13 14 16 20 24 26 28 30 33 34 37 38 41 51 54 70 72 74 
1 3 5 6 8 11 16 18 20 23 24 26 28 30 33 34 37 38 41 51 52 74 
1 3 5 6 8 13 18 20 23 24 28 30 37 38 41 46 51 54 60 62 74 
1 3 5 6 8 11 13 18 20 23 24 26 28 30 33 37 38 41 51 60 74 
3 5 8 11 13 16 18 20 23 24 26 28 30 33 37 38 41 51 54 63 74 
1 5 6 8 11 18 20 23 24 26 28 30 37 38 41 47 51 53 61 70 74 
3 5 6 8 13 14 16 18 23 24 28 30 34 37 38 41 46 51 61 70 74 78 
3 5 6 8 13 16 18 23 24 28 30 33 34 37 38 41 51 61 73 74 79 
1 3 8 13 16 18 23 24 26 28 30 33 34 37 38 41 46 51 63 71 73 
1 3 5 6 11 14 16 18 24 26 28 30 33 34 37 38 41 47 51 61 74 
1 3 5 6 8 11 14 18 23 24 28 30 37 38 41 46 51 52 55 71 74 
5 6 8 11 14 16 18 20 23 24 26 28 30 32 34 38 41 51 56 62 74 
1 3 5 6 11 13 14 16 23 24 26 30 34 37 38 41 51 57 60 71 74 
1 3 5 6 8 13 16 20 23 24 28 30 34 38 41 46 51 55 63 71 74 
1 3 5 11 13 14 16 18 20 23 24 26 28 30 32 34 41 46 51 54 71 
1 3 5 6 8 11 13 18 23 24 26 28 30 32 37 38 41 51 71 74 76 
3 6 8 11 13 18 20 23 24 26 28 30 32 34 37 41 51 54 58 73 77 
1 3 6 8 11 13 14 18 20 23 24 28 30 32 34 37 41 51 54 63 73 
1 3 5 8 11 14 16 18 20 23 24 26 28 30 34 38 51 59 60 71 74 77 
1 3 5 6 8 11 13 14 16 18 23 24 26 28 30 34 38 47 71 74 77 
1 3 5 6 8 13 16 18 24 28 30 32 34 37 38 41 43 51 53 73 74 
1 3 6 11 13 16 18 20 23 30 32 34 37 38 41 42 47 49 57 60 70 
1 3 5 6 8 11 13 14 16 18 20 23 24 34 37 38 41 42 47 48 51 57 
1 3 5 6 8 13 14 18 20 23 24 28 30 34 37 41 51 54 62 70 74 
3 5 6 8 11 14 16 18 20 24 26 30 32 37 38 41 52 55 57 70 74 
1 3 5 8 11 13 14 16 18 20 24 26 28 30 34 37 41 52 55 63 73 74 
5 28 30 
3 5 6 8 11 14 16 20 23 24 29 30 34 38 41 42 51 60 63 70 76 
1 3 5 6 8 11 13 20 23 24 26 29 30 34 37 38 41 42 47 51 58 63 
1 3 6 8 13 14 16 18 20 23 26 29 30 32 34 37 41 42 45 51 73 
1 3 5 6 8 11 13 14 16 18 26 29 30 32 34 38 41 42 44 51 53 78 
1 3 5 6 8 11 13 14 16 18 20 23 24 26 29 32 34 41 42 44 51 65 70 
1 3 8 11 13 14 16 18 20 23 26 29 30 32 34 41 42 44 51 70 73 
1 3 5 6 8 11 14 16 18 20 23 24 26 29 30 32 37 38 41 51 70 
5 8 11 13 14 16 18 20 23 24 26 29 30 33 34 37 41 51 63 64 73 
1 3 6 8 11 13 14 16 18 20 23 24 29 30 33 34 37 41 51 70 73 
3 5 6 8 11 13 14 16 18 20 23 24 26 29 37 38 41 51 65 70 72 
1 3 5 6 8 11 14 16 18 20 23 24 26 29 30 33 34 37 41 51 70 
1 5 6 8 13 14 16 18 20 23 24 26 29 30 33 34 37 38 41 51 60 
1 5 6 8 11 13 14 16 18 20 23 24 26 29 30 33 34 37 38 41 51 
1 3 5 6 8 11 13 14 16 18 20 23 24 26 29 30 32 34 37 38 51 
12 
14 25 37 
1 3 4 6 8 11 13 14 16 18 20 23 24 26 29 30 34 37 38 41 51 64 
3 4 6 8 11 13 14 16 18 20 23 24 26 29 30 33 34 37 38 41 51 
3 4 6 8 11 13 14 16 18 23 24 26 28 30 33 38 41 43 51 77 79 
1 3 8 11 13 14 16 18 20 23 24 26 28 30 33 34 37 38 41 51 63 
1 3 4 6 8 11 14 16 18 20 23 24 26 28 30 33 34 37 38 41 51 
1 4 6 8 16 18 20 23 24 26 28 30 34 37 38 41 51 53 59 62 79 
1 3 4 6 8 11 13 16 18 20 23 24 26 28 30 32 34 38 41 51 55 
1 3 4 6 8 11 13 14 18 24 26 28 30 37 41 51 53 54 61 62 79 
3 6 11 13 14 18 20 24 26 28 32 34 37 38 41 45 51 54 61 72 75 
1 4 6 8 11 13 16 18 20 23 24 26 28 30 32 34 37 41 44 51 54 
1 3 4 6 8 13 20 23 24 26 28 30 32 34 37 38 41 51 60 72 78 
3 6 8 11 13 14 18 20 23 24 26 28 30 32 34 37 38 41 45 51 54 62 
4 8 11 13 16 18 20 23 24 26 28 30 32 34 38 41 51 53 54 60 71 79 
1 4 6 8 11 16 20 23 24 26 28 30 32 34 38 41 51 52 54 60 71 72 
1 3 4 6 8 13 16 18 20 23 24 28 30 34 37 38 41 51 52 54 79 
1 4 8 13 14 16 18 20 23 24 26 28 30 32 34 38 41 51 54 60 79 
1 3 4 6 8 13 16 18 20 24 29 30 32 34 38 41 51 54 60 70 72 79 
3 4 11 14 16 18 20 23 24 26 29 32 34 37 38 41 51 53 54 70 72 78 
1 3 4 6 11 13 14 18 20 23 24 26 29 30 32 34 37 41 51 54 70 72 
1 4 6 8 11 13 16 18 20 23 24 26 29 32 34 38 41 51 52 58 70 72 
3 4 6 8 13 14 16 18 20 23 24 26 29 32 34 37 38 41 51 52 70 72 78 
3 4 8 11 16 20 23 24 26 29 32 34 37 38 41 51 52 70 72 76 79 
1 3 4 8 11 13 14 16 18 20 23 24 26 29 32 34 37 38 41 51 52 72 
1 4 6 8 13 14 16 18 20 23 24 26 29 30 32 34 38 41 47 51 70 72 
1 3 4 6 8 11 14 16 18 20 24 26 29 30 32 34 37 41 46 51 70 72 
1 4 6 8 11 13 16 18 23 26 29 32 37 38 41 46 51 52 60 70 77 79 
1 3 4 8 11 13 14 16 18 20 23 24 29 32 34 37 38 41 46 51 52 60 
3 4 6 8 11 13 16 18 20 23 24 29 30 32 37 38 41 46 51 70 76 
1 3 4 6 8 11 13 14 16 18 20 23 24 29 30 32 37 38 41 46 51 60 
1 3 4 6 8 11 13 14 16 18 23 24 26 29 30 32 34 37 41 46 51 70 
1 4 6 8 11 13 14 16 18 20 23 24 26 29 30 34 37 41 51 61 70 
1 3 4 6 8 13 14 16 18 23 24 26 29 30 32 34 38 41 43 51 70 77 
1 3 4 6 8 11 13 14 16 20 23 24 29 30 34 38 41 51 59 70 76 
1 4 6 8 14 16 18 20 23 24 26 29 30 32 34 38 41 47 51 70 76 
1 3 4 8 11 13 16 18 20 23 24 26 29 30 32 34 37 38 41 46 51 58 
4 30 
3 8 11 13 14 20 23 24 26 30 32 34 37 39 41 46 61 63 73 76 79 
1 3 5 8 11 13 14 16 18 20 23 24 26 29 30 32 34 37 51 71 73 
1 3 5 6 8 11 13 14 16 18 20 23 24 26 29 30 34 37 39 46 51 
1 3 5 6 8 11 13 14 16 20 23 24 26 29 32 37 39 41 51 65 72 
1 3 5 6 8 11 13 14 16 18 20 23 24 26 29 30 32 34 37 39 41 51 
1 3 5 6 8 11 13 14 16 18 20 23 24 26 29 30 33 34 39 41 51 
25 30 
1 3 5 6 8 11 13 14 16 18 20 23 24 29 30 32 34 36 39 41 51 
1 3 5 8 11 13 14 16 18 20 23 24 26 29 30 34 36 38 41 51 63 
1 3 5 6 8 11 13 14 16 18 20 23 24 26 29 30 33 34 38 41 51 
1 3 5 6 8 11 13 14 16 18 20 23 24 26 29 30 32 34 36 38 51 
30 33 
30 36 
30 
1 3 5 6 8 11 13 14 16 18 20 23 24 26 29 31 32 34 37 39 61 
39 
1 3 5 6 8 11 13 14 16 18 20 23 24 26 29 31 32 34 37 38 41 
1 3 6 11 13 14 16 18 20 23 24 26 28 31 32 34 37 38 41 60 64 
1 3 5 8 11 13 14 16 18 20 23 24 26 28 31 32 34 37 38 41 77 
1 3 5 6 8 11 13 16 18 20 23 24 26 28 31 32 34 37 38 41 59 
1 3 5 6 8 11 13 14 18 20 23 24 26 28 31 32 34 37 38 41 47 
3 5 6 8 11 13 14 16 18 20 23 24 26 28 31 32 37 38 41 46 60 
1 3 5 8 11 13 14 16 18 20 23 24 28 31 32 37 38 41 46 62 72 
1 3 5 6 8 11 13 14 18 23 24 26 28 31 32 34 37 38 41 61 63 
28 
1 3 5 6 8 11 13 14 16 18 23 24 29 31 33 34 37 38 41 61 73 
3 5 6 8 11 14 18 20 23 24 26 29 31 33 34 37 38 41 46 58 60 
1 3 5 6 8 11 13 16 18 20 23 24 26 29 31 33 34 37 41 59 73 
1 3 5 6 8 11 13 14 16 18 20 23 24 26 29 31 33 34 41 47 73 
1 3 5 6 8 11 13 14 16 18 20 23 24 29 31 33 34 37 38 41 46 
1 3 6 8 11 13 14 16 18 20 23 24 26 29 31 33 34 37 38 41 76 
3 5 6 8 11 13 14 16 18 20 23 24 26 29 31 33 34 37 38 41 65 
1 3 6 8 11 13 14 16 18 20 23 24 26 29 31 33 34 37 38 41 43 
1 3 5 6 8 11 13 14 16 18 20 23 24 26 29 31 33 34 37 38 41 
1 3 4 6 8 11 14 16 18 20 23 26 29 31 34 37 38 41 42 53 64 
1 3 4 6 8 11 14 16 18 20 24 26 29 31 33 34 37 38 41 71 72 77 
1 3 4 8 11 13 14 16 18 20 24 26 29 31 33 38 41 42 53 71 77 
3 4 6 8 11 13 16 18 20 23 26 29 33 34 37 41 45 47 52 60 73 77 
1 4 6 8 11 13 14 16 18 23 24 26 29 31 33 34 37 38 41 44 73 
1 3 4 6 8 11 13 14 16 18 23 26 29 31 34 38 41 42 47 59 61 
1 4 6 8 11 13 14 16 18 23 26 29 34 37 38 41 42 52 58 61 77 79 
1 4 8 11 13 14 16 18 20 23 24 26 29 33 34 37 38 41 42 52 61 
1 3 4 8 11 13 16 18 20 23 24 26 29 31 37 38 46 52 73 77 78 
4 37 
3 5 6 8 11 13 14 16 18 20 23 24 27 29 33 34 37 38 52 71 77 
1 3 8 11 13 14 16 18 20 23 24 27 29 33 34 37 38 41 42 52 79 
1 3 5 6 8 11 13 14 16 18 20 23 24 27 29 31 33 34 38 41 47 
1 3 5 6 8 11 14 16 18 20 23 27 29 31 32 34 38 41 42 52 71 
14 27 29 
1 3 4 6 8 11 13 14 16 18 20 23 26 29 31 34 36 38 41 42 78 
4 16 
1 5 6 8 11 13 14 16 18 20 23 24 26 29 31 34 38 41 42 58 71 73 
1 3 5 6 8 11 13 16 18 20 23 24 29 31 32 34 36 38 41 42 59 73 
1 3 5 6 8 11 13 14 16 18 20 23 24 29 31 32 34 36 41 58 73 
1 3 5 6 8 11 13 16 18 20 23 24 26 29 31 32 34 36 38 41 59 73 
1 3 5 6 8 11 13 14 16 20 23 24 26 29 31 32 34 36 38 41 58 
3 5 6 8 11 13 14 16 18 20 23 24 26 29 31 32 34 36 38 41 46 76 
14 36 
1 3 6 8 11 15 16 18 20 23 25 27 29 31 32 34 36 38 59 60 79 
1 3 5 6 11 13 16 20 23 25 27 31 34 36 38 47 50 59 60 69 72 
25 29 
27 
1 3 6 8 11 13 15 20 23 26 29 31 32 34 36 38 41 47 68 76 78 
1 3 5 6 8 11 13 15 16 18 20 23 24 26 29 31 32 34 36 38 41 78 
1 3 5 6 8 11 13 15 16 18 20 23 24 26 29 31 32 34 36 38 41 76 
3 5 6 8 11 13 15 16 18 20 23 24 26 29 31 32 34 36 38 41 65 
1 3 5 6 8 11 13 15 16 18 20 23 24 26 29 31 32 34 36 38 41 
1 3 5 6 8 11 13 15 16 18 20 23 24 26 29 31 33 34 36 38 41 
1 3 5 6 8 11 13 15 16 18 20 23 24 26 29 31 33 34 37 38 41 
1 3 5 6 8 11 13 15 16 18 20 23 24 26 29 31 32 34 37 38 41 
1 3 5 6 8 11 13 15 16 18 20 23 24 26 29 31 33 34 36 38 43 64 
1 3 5 6 8 11 15 16 18 20 23 24 26 29 31 33 34 36 38 43 77 
1 3 5 6 8 11 13 16 18 20 23 24 26 29 31 33 34 36 38 43 59 
1 33 36 
1 3 5 6 8 11 13 15 16 18 20 23 24 26 29 32 34 36 38 42 76 
1 3 5 6 8 11 13 15 16 18 20 23 24 26 29 31 32 34 36 38 42 
1 36 
1 15 
1 3 5 6 8 11 13 14 16 18 20 23 24 26 29 31 32 34 37 38 68 
1 3 5 6 8 11 13 14 16 18 20 23 24 26 29 31 32 34 37 38 43 76 
1 5 8 11 13 14 16 18 20 23 24 26 29 31 32 34 37 38 40 44 53 65 
1 3 5 6 8 13 16 18 20 23 24 26 29 31 32 34 37 38 40 44 53 62 
1 3 5 6 8 11 13 14 16 18 20 24 26 29 31 32 34 37 38 43 64 78 
1 3 5 6 8 11 13 16 18 20 23 24 26 29 31 32 34 37 38 71 77 78 
1 3 5 6 8 11 13 14 16 18 20 23 24 26 29 31 32 34 37 38 52 
1 3 5 6 8 11 13 14 18 23 24 26 29 31 32 34 37 38 57 59 60 79 
1 3 5 6 8 11 13 14 16 18 20 23 24 29 31 32 34 37 38 54 77 
1 3 5 6 8 11 13 14 16 18 20 23 24 26 29 31 32 34 37 63 65 
1 3 5 6 8 11 13 14 16 18 20 23 24 29 31 32 34 37 38 40 63 
3 5 6 8 11 13 14 16 18 20 23 24 26 29 31 32 34 37 38 40 61 
1 3 5 6 8 11 13 14 16 18 20 23 24 29 31 32 34 37 38 42 64 
1 3 5 6 8 11 13 14 16 18 20 23 24 26 29 31 32 34 37 38 42 
1 3 5 6 8 11 13 14 16 18 20 23 24 26 29 31 32 34 37 38 58 77 
1 3 11 13 14 16 20 23 24 26 29 31 32 34 38 59 60 71 72 74 79 
1 3 5 6 8 11 13 14 16 18 20 23 26 29 31 32 34 37 38 70 77 78 
3 5 6 8 11 13 14 16 18 20 23 24 26 29 31 32 34 37 38 43 70 77 
1 3 5 6 8 11 13 14 16 18 20 23 24 26 29 31 32 34 37 38 46 77 
1 3 5 6 8 11 13 14 16 18 20 23 26 29 31 34 37 38 59 73 77 
1 3 5 8 11 13 14 16 18 20 23 24 26 29 31 32 34 37 38 51 65 71 
3 5 8 11 13 14 16 18 20 23 24 26 29 31 32 34 37 38 51 62 64 
1 3 5 6 8 11 13 16 18 24 29 33 34 38 43 52 54 63 69 71 79 
1 3 6 8 11 13 16 20 23 24 26 29 31 33 34 37 38 43 52 54 63 68 
1 3 6 8 11 13 16 18 20 24 29 31 33 34 37 38 54 63 69 71 75 
1 3 6 8 11 13 16 18 20 23 24 26 29 31 33 34 37 38 46 54 63 71 
1 3 6 8 13 14 16 18 20 24 26 29 31 33 34 37 38 43 58 63 68 
1 3 6 8 11 13 14 16 18 20 23 24 29 31 33 34 37 38 46 58 63 71 
1 3 6 8 11 13 14 16 18 20 23 24 26 29 31 33 34 37 38 43 46 
1 3 5 6 8 11 13 14 16 18 20 23 24 26 29 31 33 34 37 38 46 
1 33 
3 5 7 8 11 14 16 18 20 23 24 29 31 32 34 37 38 47 58 65 69 
3 5 7 8 11 13 14 16 18 20 23 24 26 29 31 32 34 38 47 58 76 
1 3 5 7 8 11 13 16 18 20 23 24 26 29 31 32 34 37 38 47 58 
3 5 7 8 11 13 14 16 18 20 23 24 26 29 31 32 34 37 40 42 62 
7 
21 
0 3 5 6 8 11 13 14 16 18 20 23 24 26 29 31 33 34 37 38 63 
0 3 5 6 8 11 13 14 16 18 20 23 24 26 29 31 33 34 37 38 77 
0 5 6 8 11 13 14 16 18 20 23 24 26 29 31 33 34 37 38 64 71 
14 33 
0 3 6 8 11 13 15 16 18 20 23 24 26 29 31 33 34 37 38 59 71 
0 3 5 6 8 11 13 15 16 18 20 23 24 26 29 31 33 34 37 38 71 
33 37 
0 3 5 6 8 13 15 16 18 20 23 24 26 29 31 32 34 37 38 58 64 
0 3 5 8 11 13 15 18 20 23 24 26 29 31 34 37 38 42 58 68 76 
3 5 6 8 11 13 15 16 20 29 31 34 37 38 42 47 48 55 69 72 75 
0 3 5 6 8 11 13 15 16 18 20 23 24 26 29 31 32 34 38 44 58 70 
0 3 5 6 8 11 13 15 16 20 23 24 29 31 32 34 37 38 52 58 70 
0 5 6 8 11 13 16 18 20 23 24 26 29 31 32 34 38 47 57 72 75 
0 3 5 8 11 13 15 16 18 20 23 26 29 31 32 34 37 38 47 54 79 
0 3 5 6 8 11 13 15 16 18 20 23 24 26 29 31 32 34 37 38 63 70 
0 3 5 6 8 13 15 16 18 20 23 24 29 31 32 34 37 38 47 61 70 
0 3 5 6 8 11 13 15 16 18 20 23 24 29 31 32 34 37 47 74 79 
0 3 5 6 8 11 13 16 18 20 23 24 26 29 31 32 34 37 38 58 70 77 
0 3 5 6 8 11 13 15 16 18 20 23 24 29 31 32 34 37 38 47 54 
0 3 5 6 8 11 13 15 16 18 20 23 24 29 31 32 34 37 38 47 78 
0 3 5 6 8 11 13 15 16 18 20 23 24 26 29 31 32 34 37 38 43 70 
0 3 5 6 8 11 13 15 16 18 20 23 24 26 29 31 32 34 37 38 59 70 
0 3 5 6 8 11 13 15 16 18 20 23 24 26 29 31 32 34 37 38 43 58 
0 3 5 6 8 11 15 16 18 20 23 24 26 29 31 32 34 37 38 52 58 
0 3 5 6 8 11 13 15 16 18 20 23 24 26 29 31 32 37 38 42 58 63 
0 3 5 6 8 11 13 15 16 18 20 23 24 26 29 31 34 37 38 42 58 61 
0 3 5 6 8 11 13 15 16 18 20 23 24 26 29 31 32 34 37 38 58 77 
0 3 5 6 8 11 15 16 18 20 23 24 29 31 32 34 37 38 52 63 76 
3 5 6 8 11 13 15 16 18 20 23 24 26 29 31 32 34 37 38 63 64 76 
0 3 5 6 8 11 13 15 16 18 20 23 24 26 29 31 32 34 37 38 63 76 
0 3 5 6 8 11 13 15 16 18 20 23 24 26 29 31 32 34 37 38 43 76 
0 3 5 6 8 11 13 15 18 20 23 24 26 29 31 32 34 37 38 40 68 
0 3 5 6 8 11 13 16 18 20 24 26 29 31 32 37 38 48 71 72 77 
0 3 5 6 11 13 15 18 20 23 24 26 29 31 32 34 37 38 40 44 62 65 
0 3 5 6 8 13 15 16 18 20 23 24 26 29 31 32 34 37 40 52 77 
0 3 5 6 8 11 13 15 16 18 20 24 26 31 32 34 37 38 40 63 65 
0 3 5 6 8 11 13 15 16 18 20 23 24 26 29 31 32 34 38 40 61 
0 3 5 8 11 13 18 20 23 29 31 34 37 38 40 46 54 72 75 77 78 
0 3 5 6 8 11 15 16 18 20 24 26 29 31 32 37 38 40 46 77 78 
0 5 6 8 11 13 15 16 18 20 23 24 26 29 31 32 34 37 38 46 77 
0 3 5 6 11 13 15 16 18 23 24 26 29 31 32 34 37 38 42 46 59 
0 3 5 6 8 11 13 15 16 18 20 23 24 26 29 31 32 34 37 46 71 
0 3 5 6 8 11 13 15 16 18 20 23 24 26 29 31 32 34 37 38 46 
0 3 5 6 8 11 13 15 18 20 23 24 26 29 31 32 34 37 38 47 73 
0 3 5 6 8 11 13 15 23 24 29 32 34 37 38 42 47 51 60 70 72 
3 5 6 8 11 13 15 18 20 23 24 29 31 32 34 37 38 42 47 51 58 
3 5 6 8 13 15 23 24 26 29 31 32 34 37 38 42 47 51 60 76 79 
0 3 5 6 8 11 13 15 16 18 20 23 24 29 31 32 34 37 38 51 77 
0 5 6 8 11 13 15 16 20 23 24 26 29 31 32 34 37 38 52 63 65 
0 3 5 6 8 11 13 15 16 18 20 23 24 29 31 32 34 37 38 63 65 
0 3 5 6 8 11 15 16 18 20 23 24 26 29 31 32 34 37 38 41 65 
0 3 5 6 11 14 16 18 24 29 31 32 34 37 38 43 54 62 64 69 77 
0 3 8 11 13 14 16 18 20 23 29 32 34 38 47 53 54 62 69 71 72 77 
0 3 6 11 13 14 16 18 20 23 24 26 29 31 32 38 59 62 69 72 74 
0 5 6 8 11 13 16 18 20 23 24 26 29 31 32 34 37 38 40 44 53 65 
0 3 5 6 8 11 13 18 20 23 24 26 29 31 32 34 37 38 40 44 53 62 
0 3 5 6 8 11 13 14 16 18 20 23 24 26 29 31 32 34 37 38 52 
0 3 5 6 11 13 14 16 18 20 24 26 29 31 32 34 37 38 43 64 77 78 
0 3 5 6 8 11 13 14 16 18 20 23 24 26 29 31 32 34 37 38 77 78 
0 3 5 6 8 11 13 14 16 18 20 23 24 26 29 31 32 34 37 38 63 65 
0 3 5 6 8 11 13 14 16 18 23 24 26 29 31 32 34 37 38 40 63 
0 3 5 6 8 11 13 14 16 18 20 23 24 26 29 31 32 34 37 43 64 78 
0 3 5 6 8 11 13 14 16 20 23 24 26 29 31 32 34 37 38 59 78 
0 3 5 6 8 11 13 14 16 18 20 23 24 26 29 31 32 34 37 38 43 76 
0 3 5 6 8 11 13 14 16 18 20 23 24 26 29 31 32 34 37 38 58 77 
0 3 5 6 8 11 13 14 16 18 20 23 24 26 29 31 32 34 37 38 58 
3 5 11 13 14 16 18 20 23 24 26 29 32 34 37 42 53 54 59 69 71 
0 3 5 6 8 11 13 14 16 18 20 23 24 26 29 31 32 34 37 38 64 76 
0 3 5 8 11 13 16 18 20 23 24 29 31 32 34 37 38 42 53 54 59 
0 3 5 6 8 11 13 14 16 18 20 23 24 26 29 31 32 34 37 38 70 
3 5 6 8 11 13 14 16 18 20 23 24 26 29 31 32 34 37 38 43 46 64 
0 3 5 6 8 11 13 14 16 18 20 23 24 26 29 31 32 34 37 38 46 77 
0 3 5 6 11 13 14 16 18 20 23 24 26 29 31 32 34 37 38 42 46 59 
0 3 5 6 8 11 13 14 16 18 20 23 26 31 32 37 38 47 53 66 79 
0 3 5 6 8 13 14 16 18 20 23 29 31 32 34 37 38 43 47 73 79 
0 3 5 6 8 11 13 14 16 18 20 23 24 26 29 31 32 37 38 43 51 
0 3 5 6 8 11 13 14 16 18 20 23 24 29 31 34 37 38 59 73 77 
0 3 5 6 8 11 13 16 18 20 23 24 26 29 31 32 34 37 38 42 59 71 73 
0 5 6 8 11 13 14 16 18 20 23 24 26 29 31 32 34 37 51 71 76 79 
0 3 5 8 13 14 16 18 20 23 24 26 29 31 32 34 37 38 51 65 71 
0 3 5 6 8 11 13 14 16 18 20 23 24 26 29 31 32 34 37 38 41 
0 3 5 8 11 13 15 16 18 20 23 24 26 29 31 33 34 36 38 43 64 
0 3 5 6 8 11 15 16 18 20 23 24 26 29 31 33 34 36 38 43 77 
0 3 5 6 8 11 13 16 18 20 23 24 26 29 31 33 34 36 38 43 59 
0 3 5 6 8 11 13 15 16 18 20 23 24 26 29 31 33 34 36 38 43 
0 3 5 6 8 11 13 15 16 18 20 23 24 26 29 31 33 34 36 38 71 
0 3 5 6 8 11 13 15 16 20 23 24 26 29 31 33 34 38 47 57 72 
0 3 5 6 8 11 13 15 16 18 20 23 24 26 29 31 33 34 36 38 47 68 
0 3 5 6 8 11 13 15 20 23 26 29 31 33 34 38 47 48 55 62 69 72 
0 3 5 6 8 11 13 15 16 18 20 24 26 31 34 36 47 50 54 66 79 
0 3 5 6 8 11 13 16 18 20 23 26 29 31 33 34 36 38 47 54 72 
0 3 5 6 8 11 13 15 16 18 20 23 24 26 29 31 33 34 36 38 61 70 
0 5 8 11 13 15 16 18 20 23 24 26 29 31 33 34 36 38 47 72 74 
0 3 5 6 8 11 13 15 16 18 20 23 24 26 29 33 34 36 38 44 53 58 
0 3 5 6 8 11 13 15 16 18 20 24 26 29 31 33 34 36 38 47 63 65 
0 3 5 6 8 11 13 15 16 18 20 23 24 26 29 31 33 34 36 38 52 58 
0 3 5 6 8 11 13 15 16 18 20 23 24 26 29 31 33 34 36 38 58 64 
0 3 5 6 8 11 13 15 16 18 20 23 24 26 29 31 33 34 36 38 47 78 
0 3 5 6 8 11 13 15 16 18 20 23 24 26 29 31 33 34 36 38 58 77 
0 3 5 6 8 11 13 15 16 18 20 23 24 26 29 31 33 34 36 38 52 
0 3 5 6 8 13 15 16 18 20 23 24 26 29 31 33 34 36 38 64 70 
0 3 5 6 8 11 13 15 16 18 20 23 24 26 29 31 33 34 38 59 70 
0 3 5 6 8 11 13 15 16 18 20 23 24 26 29 31 33 34 36 38 68 72 
0 3 5 8 11 13 15 16 18 23 24 26 29 31 34 38 48 55 62 69 72 75 
0 3 5 6 8 11 13 15 16 18 20 24 26 29 31 33 34 36 38 54 75 
0 3 5 6 8 11 13 15 16 18 20 23 26 29 31 33 34 36 38 54 62 
0 3 5 6 8 11 13 15 16 18 20 23 24 29 31 33 34 36 38 72 74 
0 3 5 6 8 11 13 15 16 18 20 23 24 26 29 31 33 34 36 38 63 75 
0 3 5 6 8 11 13 15 16 18 20 23 24 29 31 33 34 36 38 72 78 
0 3 5 6 8 11 13 15 18 20 23 24 26 29 31 33 34 36 38 63 68 
0 3 5 6 8 11 13 15 16 18 20 23 24 26 29 31 33 34 36 38 63 
0 3 5 6 8 11 13 15 16 18 20 23 24 26 29 31 33 34 36 38 78 
0 3 5 6 8 11 13 15 16 18 20 23 24 26 29 31 33 34 36 38 74 
0 3 5 6 8 11 13 15 16 18 20 23 24 26 29 31 33 34 36 38 73 
0 3 5 6 8 11 13 15 16 18 20 23 24 26 29 31 33 34 36 38 51 70 72 
3 5 6 8 11 13 15 16 18 20 23 24 26 29 31 33 34 36 38 41 46 58 
0 3 5 6 8 11 15 16 18 20 23 24 26 29 31 33 34 36 38 41 58 76 
0 3 5 8 15 16 18 20 24 26 29 31 32 34 36 43 52 54 58 64 68 76 
3 5 6 8 11 15 16 18 20 23 24 26 29 31 32 34 36 40 54 64 71 78 
0 3 5 11 13 15 16 18 20 23 24 26 29 31 34 36 38 43 52 54 64 78 
0 3 5 8 11 13 15 16 18 24 26 29 31 32 34 36 38 43 47 54 64 69 78 
3 6 8 11 13 16 18 20 23 24 26 29 31 32 34 36 38 43 54 64 68 78 
0 3 5 6 8 11 13 15 16 20 24 26 29 31 32 34 36 38 52 54 63 68 
0 3 5 8 11 13 15 16 18 20 23 24 26 29 31 32 34 36 38 43 52 54 63 
0 3 5 6 8 11 15 16 20 23 24 26 29 31 32 34 36 38 43 47 54 
0 3 6 8 11 13 15 18 20 23 24 26 29 31 32 34 36 38 47 63 75 78 
0 5 6 8 11 13 15 16 18 20 24 26 29 31 32 34 36 38 43 47 63 74 
0 5 6 8 13 15 16 18 20 23 24 26 29 31 32 34 36 38 47 55 63 74 
3 5 6 8 11 15 16 18 20 24 26 29 31 32 34 36 38 47 54 63 78 
0 3 5 6 8 11 13 15 16 18 20 23 24 26 29 31 32 34 36 47 54 
0 3 5 6 8 11 13 15 16 18 20 23 24 26 29 31 32 34 36 38 47 78 
0 3 5 6 8 11 13 15 18 20 23 26 29 31 32 36 38 42 58 68 71 
0 3 5 6 8 11 13 15 16 18 20 23 24 26 29 31 32 34 36 38 47 68 
0 3 5 6 8 11 13 15 16 18 20 23 24 29 31 32 34 36 38 52 58 
0 3 5 6 8 11 13 15 16 18 20 23 24 26 29 31 32 34 36 38 58 64 
0 3 5 6 8 11 13 15 16 18 20 23 24 26 29 31 32 34 36 38 43 70 
0 3 5 6 8 11 13 15 16 18 20 23 24 26 29 31 32 34 36 38 43 58 
0 3 5 6 8 11 13 15 16 18 20 23 26 29 31 32 34 36 38 58 71 77 
0 3 5 6 8 11 13 15 16 18 20 23 24 26 29 31 32 34 36 38 58 77 
3 5 6 8 11 13 15 16 18 20 23 24 26 29 31 32 34 36 38 42 58 63 
0 3 5 6 8 11 13 16 18 20 23 24 26 29 31 32 34 36 38 52 63 76 
0 3 5 6 8 11 13 15 16 18 23 24 26 29 31 32 34 36 38 63 64 76 
0 3 5 6 8 11 13 15 16 18 20 23 24 26 29 31 32 34 36 38 63 76 
0 3 5 6 8 11 13 15 16 18 20 23 24 26 29 31 32 36 38 40 63 
0 3 5 6 8 11 13 16 18 20 26 29 31 34 36 38 43 44 66 71 72 
0 3 5 8 11 13 15 16 18 20 23 24 26 29 31 32 34 36 38 40 44 53 
0 3 5 6 8 11 13 15 16 18 20 23 24 26 29 31 32 34 36 38 52 65 
0 3 5 6 8 11 13 15 16 18 20 23 24 26 29 31 32 34 36 38 52 
0 3 5 6 8 11 13 15 16 18 20 23 24 26 29 31 32 34 36 38 64 
0 3 5 6 8 11 13 15 16 18 20 23 24 26 29 31 32 34 36 38 43 76 
3 5 8 11 13 15 16 18 20 23 24 26 29 31 34 36 38 42 47 71 74 79 
0 3 5 6 8 11 13 15 16 18 20 23 24 26 31 32 36 38 47 74 79 
0 3 5 6 8 11 13 15 16 18 20 23 24 26 29 31 32 34 36 38 78 
0 3 5 6 8 11 13 15 16 18 20 23 24 26 29 31 32 34 36 38 46 
0 3 5 6 8 11 13 15 16 18 20 23 24 26 29 32 34 36 38 47 73 
3 5 6 8 11 13 15 16 18 20 23 24 29 32 34 36 38 42 47 51 70 
3 5 6 8 11 13 15 23 24 29 31 32 34 36 38 42 47 51 58 60 76 
3 5 6 8 11 13 15 16 20 23 24 26 29 31 32 34 36 38 42 47 51 
0 3 5 6 8 11 13 15 16 18 23 24 26 29 31 32 36 47 51 60 79 
0 3 5 9 11 13 15 18 20 23 24 26 29 31 34 38 52 64 68 71 78 
9 
0 3 5 6 15 17 18 24 26 29 31 33 34 36 43 46 52 64 68 70 77 78 
0 3 5 6 8 11 13 15 17 18 23 24 29 31 34 36 38 43 46 52 64 78 
0 3 6 8 11 13 15 17 18 20 23 24 26 29 31 34 36 38 43 64 71 78 
0 3 5 6 8 11 13 15 17 18 20 24 26 29 34 36 43 46 64 68 78 
3 5 6 8 11 13 17 20 23 24 26 29 31 33 34 36 46 62 64 77 78 
3 5 6 8 11 13 15 17 18 20 23 24 26 29 31 33 34 36 59 64 78 
3 5 6 8 11 15 17 18 20 24 26 29 31 34 36 38 63 64 69 77 78 
0 3 5 6 8 11 13 18 20 23 29 33 34 36 38 46 52 58 63 77 78 
0 3 5 6 8 11 13 17 20 24 26 29 34 36 46 52 63 69 72 77 78 
0 3 5 6 8 11 15 17 20 24 26 29 31 33 34 36 43 46 59 63 69 78 
0 3 5 6 8 11 13 15 17 18 20 23 24 26 29 31 34 36 38 63 77 78 
0 3 6 8 11 13 15 18 20 23 26 29 31 33 34 36 38 58 62 72 77 78 
0 3 5 8 11 13 17 18 24 26 29 31 33 34 36 38 43 46 59 77 78 
0 3 5 6 8 13 15 17 18 20 23 24 29 31 33 34 36 38 46 59 78 
3 5 6 8 13 15 17 18 20 23 24 26 29 31 33 34 36 38 46 64 77 
3 5 6 8 11 13 15 17 18 20 23 24 26 29 31 33 34 36 38 63 77 
0 3 5 6 8 11 13 17 18 20 23 24 29 31 33 34 36 38 42 46 77 
0 5 8 11 13 15 17 18 20 23 24 26 29 31 33 34 36 38 43 46 77 
0 3 5 6 8 11 13 15 17 18 20 23 26 29 31 33 34 36 38 43 58 77 
0 3 5 6 8 11 13 15 17 18 20 23 26 29 31 33 34 36 38 43 70 77 
0 3 5 6 8 11 15 17 18 20 23 24 26 29 31 33 34 36 38 43 77 
3 5 6 8 11 13 15 17 18 20 23 24 26 29 31 33 34 36 38 65 77 
0 3 5 6 8 11 13 15 17 18 20 23 24 26 29 31 33 34 36 38 77 
0 3 5 6 8 11 13 15 17 20 23 24 26 29 31 33 34 36 38 59 64 
0 3 5 6 8 11 13 15 17 18 20 23 24 26 29 31 33 34 36 38 64 
0 3 5 6 8 11 13 15 17 18 20 23 24 26 29 31 33 34 36 38 71 
0 3 5 6 8 11 13 15 17 18 20 23 24 26 29 31 33 34 36 38 47 
17 
2 
