199 803 1091 
803 1091 1111 
803 859 1091 
739 803 859 
803 859 1125 
589 803 1101 
803 1101 1125 
573 803 1125 
429 803 1125 
803 973 1125 
33 803 973 
803 973 1061 
803 993 1090 
803 951 993 
845 993 1091 
217 845 1091 
265 845 1091 
749 845 1091 
749 845 1061 
802 941 1090 
749 803 1061 
125 803 1090 
803 929 1061 
23 803 1090 
23 803 951 
23 629 803 
629 802 941 
149 629 717 
509 717 1091 
629 637 717 
23 235 629 
121 381 1091 
63 637 1091 
63 935 1091 
785 802 1091 
381 579 1091 
369 579 1091 
579 935 1091 
67 802 1091 
23 629 
875 935 1091 
817 935 1091 
651 685 1091 
185 685 1091 
549 685 1091 
685 919 1091 
119 313 435 
119 935 950 
935 950 1035 
761 935 1177 
27 935 1177 
691 761 935 
935 950 1071 
118 435 1011 
761 935 1073 
657 935 950 
761 901 919 
118 435 901 
118 901 913 
521 935 950 
27 153 935 
611 935 950 
163 935 1090 
434 677 935 
103 802 841 
27 118 841 
489 919 1001 
399 935 950 
51 434 627 
434 627 685 
118 501 1090 
77 434 935 
27 681 687 
729 935 950 
118 950 1027 
807 935 950 
434 457 935 
73 118 913 
545 935 950 
434 935 1173 
434 571 935 
147 681 913 
147 291 950 
147 434 935 
161 919 1001 
27 161 919 
434 751 935 
434 935 1085 
118 203 434 
535 661 935 
277 434 627 
434 661 935 
389 1090 
434 741 935 
27 165 935 
727 935 950 
187 434 935 
233 434 935 
767 802 912 
803 935 950 
118 514 912 
118 434 514 
119 681 913 
119 919 950 
119 647 950 
119 950 1097 
119 527 1090 
119 527 
19 119 
119 1091 1149 
119 653 
119 1043 1091 
119 979 1091 
629 681 
3 681 
619 681 
681 703 
681 1079 
443 681 
681 775 
623 681 
27 681 
681 801 
681 1124 
605 681 
603 681 
681 738 
57 681 
351 681 
32 681 
681 1017 
681 1025 
255 681 
681 731 
534 681 
681 839 
449 681 
681 1176 
681 690 
621 681 
295 681 
681 1033 
293 681 
488 681 
152 681 
681 825 
681 1175 
655 681 
21 681 
195 681 
279 681 
160 681 
615 681 
681 759 
433 681 
164 681 
511 681 
681 797 
205 681 
145 681 
681 861 
681 773 
681 989 
311 681 
533 681 
681 991 
681 686 
681 1072 
681 955 
359 681 
681 
119 747 
119 357 1091 
119 357 739 
119 357 628 
119 141 950 
119 887 1090 
119 628 707 
119 225 1090 
119 628 1123 
119 950 985 
144 1034 1090 
772 1034 1090 
119 903 1090 
119 950 975 
358 802 1090 
353 803 1090 
177 803 1090 
667 803 1090 
493 803 1090 
803 1091 1163 
39 803 1091 
569 803 1091 
517 803 1090 
627 803 1090 
803 1090 1109 
803 1090 1137 
803 1039 1090 
803 1083 1090 
693 803 950 
803 891 1090 
803 1090 1191 
61 803 950 
310 1034 1090 
204 1034 1090 
628 802 927 
954 1034 1090 
119 791 950 
119 569 628 
119 181 1090 
119 628 1107 
119 349 1090 
61 119 628 
119 628 967 
119 245 628 
119 211 1090 
119 129 950 
119 881 1090 
119 191 1090 
119 563 1090 
119 263 1090 
69 119 1090 
119 241 628 
89 119 950 
119 1090 1195 
119 617 1090 
119 513 1090 
119 1090 1139 
119 597 628 
119 431 950 
119 633 1090 
119 1090 1183 
119 595 1090 
119 853 1090 
119 587 1090 
119 855 1090 
119 995 1090 
119 999 1090 
119 639 1090 
514 628 1034 
146 514 628 
461 514 628 
514 628 1041 
514 800 802 
514 802 950 
803 949 1090 
169 803 1090 
663 803 1090 
803 899 1090 
183 803 1090 
803 1090 1167 
109 803 1090 
219 803 1090 
803 917 1090 
113 803 1090 
803 1029 1090 
243 803 1090 
101 803 1090 
117 803 1090 
803 1075 1090 
371 803 1090 
803 885 1090 
803 1090 1169 
803 1090 1113 
261 803 1090 
803 1090 1197 
81 803 1090 
207 803 1090 
803 961 1090 
49 803 1090 
541 803 1090 
803 971 1090 
709 803 1090 
803 925 1090 
803 811 1090 
55 803 1090 
91 803 1090 
803 950 
119 628 647 
544 951 1177 
939 951 1177 
951 1093 1177 
726 951 1177 
951 1172 1177 
656 951 1177 
831 951 1177 
951 1007 1177 
951 1084 1177 
43 951 1177 
107 951 1177 
951 1177 
257 802 950 
802 1090 1177 
657 1091 
801 1177 
477 1177 
1177 
119 1091 
1035 1091 
1085 1091 
758 
118 275 1091 
1091 1173 
118 1003 1091 
545 1091 
45 118 1091 
118 1073 
118 455 1091 
1091 1092 
118 771 1091 
691 
459 1091 
118 489 
938 1091 
118 153 
118 1091 
118 161 1090 
118 292 
118 1125 
415 1090 
577 1090 
118 535 
147 702 
702 1006 
727 950 
460 702 
628 687 
687 950 
460 604 
604 793 
604 1040 
604 1028 
604 830 
2 830 
830 1078 
3 165 461 
3 165 1029 
3 146 165 
3 146 990 
147 800 
147 434 
703 801 990 
702 801 
629 1028 1179 
2 801 1179 
2 801 
461 723 801 
620 801 
427 461 703 
461 703 1189 
350 801 
877 1024 
801 1024 
461 1024 
460 1024 
460 824 
278 460 
460 800 
460 774 
448 460 
460 838 
460 614 
460 602 
33 460 
434 877 
460 618 
460 912 
460 619 1016 
434 460 
460 619 1032 
442 460 
460 622 
460 1129 
20 443 1029 
327 460 
432 460 
294 460 
26 460 
56 460 
460 1061 
460 760 
460 761 933 
102 460 
103 937 950 
539 
42 401 
42 730 
47 
42 
460 1174 
460 
969 
90 254 
90 
209 
441 
368 431 761 
216 431 950 
431 761 1063 
27 431 1063 
431 731 1063 
431 916 1063 
26 431 916 
431 760 916 
431 761 928 
54 431 760 
27 431 1131 
27 431 928 
26 431 1074 
431 760 1074 
431 485 761 
431 761 1110 
106 431 760 
27 431 1110 
26 184 431 
26 168 431 
26 431 1171 
27 431 748 
27 397 431 
397 431 970 
397 431 516 
26 264 431 
60 431 1060 
352 431 950 
431 950 1108 
88 431 1060 
26 1009 1111 
26 80 1111 
431 1060 1110 
431 932 1061 
431 950 992 
431 984 1060 
431 516 1061 
26 431 516 
26 431 594 
27 431 508 
431 616 950 
431 650 760 
380 431 950 
25 431 594 
431 760 854 
730 761 1111 
431 761 918 
431 761 796 
27 431 796 
26 431 998 
431 731 796 
431 692 731 
24 26 692 
27 431 692 
27 431 568 
431 568 638 
26 321 431 
431 890 950 
27 431 860 
431 626 860 
26 111 431 
108 431 860 
431 860 1038 
431 860 1112 
24 26 1106 
26 345 431 
26 431 1112 
24 26 819 
26 370 431 
26 431 586 
26 431 898 
26 100 431 
100 431 730 
431 730 1190 
116 431 730 
116 431 760 
431 761 1147 
240 431 761 
240 431 1136 
27 431 706 
431 706 731 
431 706 1015 
24 431 706 
26 218 431 
27 431 1162 
27 240 431 
356 431 810 
128 431 
38 431 810 
26 431 810 
431 863 1067 
24 431 863 
240 431 
26 431 492 
26 431 512 
26 431 960 
27 431 
26 431 880 
26 206 431 
431 959 
431 1095 
148 431 
431 
149 575 
149 329 
149 417 
149 227 
149 1168 
149 182 
149 189 
198 263 
199 
552 950 1120 
118 950 1120 
24 553 760 
374 552 950 
374 950 1111 
217 374 950 
553 993 1060 
357 1060 1110 
25 183 1146 
25 1146 1169 
14 552 950 
14 217 950 
103 553 993 
553 801 919 
509 553 801 
32 509 553 
553 797 950 
800 1110 1163 
102 241 
241 800 
800 861 
800 1163 
800 
39 508 1061 
508 707 
881 918 
862 918 
182 862 1061 
189 707 860 
189 860 862 
118 910 950 
553 1060 1111 
103 553 1111 
493 992 
493 508 
508 513 
129 508 
508 574 
508 1094 
508 1169 
1095 1169 
132 1095 
132 
552 950 1126 
129 918 1168 
214 217 950 
214 749 950 
381 553 1060 
103 381 553 
103 553 1137 
103 216 1137 
103 216 627 
569 1061 1110 
328 1060 1110 
328 992 1060 
328 380 1060 
207 380 1060 
416 1060 1136 
416 508 1060 
416 508 
207 508 
402 1095 
25 950 1101 
552 950 956 
217 950 956 
553 1060 1191 
553 627 1060 
226 1060 1190 
226 1110 
226 1107 1190 
226 380 
380 961 1107 
380 1107 1191 
380 1061 1107 
219 380 1107 
219 380 1060 
380 958 1060 
958 992 1060 
894 1090 
26 527 
527 950 
27 568 811 
8 950 1111 
8 552 950 
381 1060 1110 
381 1110 
396 818 1110 
468 950 1110 
468 1061 
25 468 950 
468 730 
198 468 760 
198 468 950 
240 587 761 
240 627 761 
24 568 627 
24 380 627 
24 627 1106 
24 860 1106 
24 933 1106 
731 1014 1106 
27 1014 1106 
861 1014 1106 
569 992 1014 
569 992 1066 
569 626 1066 
569 819 993 
381 569 819 
569 819 899 
478 552 950 
569 1039 1110 
117 1067 1110 
26 693 761 
217 284 950 
265 553 1060 
26 533 1110 
26 533 992 
545 552 950 
811 1038 1060 
116 811 1060 
1067 1110 1150 
116 1060 1150 
217 272 950 
553 985 1060 
103 553 651 
103 553 985 
103 553 1039 
26 396 553 
102 264 693 
264 693 1039 
101 264 1039 
650 1039 1061 
396 984 1039 
101 396 984 
396 891 984 
100 396 1061 
98 552 950 
98 102 217 
98 102 118 
216 891 929 
216 929 1113 
27 101 102 
27 102 985 
102 985 1015 
102 890 985 
100 102 985 
102 265 836 
102 217 836 
102 264 891 
102 118 922 
502 552 950 
147 552 760 
147 265 761 
102 761 891 
552 950 1071 
552 704 950 
102 786 
626 942 
942 1110 
32 482 1110 
482 586 1090 
102 1038 1111 
82 1110 
82 586 1090 
102 586 1111 
801 1179 
32 820 1110 
33 255 586 
33 586 1175 
33 1110 
33 992 
33 1111 1190 
801 820 1190 
102 810 993 
102 898 993 
116 692 993 
102 116 993 
102 993 
102 1111 
254 693 
254 899 
117 254 
102 682 
118 435 688 
118 688 913 
434 749 801 
434 801 929 
434 552 801 
587 928 
117 748 
102 265 542 
102 866 
435 788 
102 217 536 
102 265 477 
552 801 1078 
217 962 
102 141 
64 435 552 
102 979 
265 870 
102 217 248 
16 1090 
40 118 435 
36 1110 
102 429 
102 919 1110 
118 435 986 
382 552 950 
399 552 950 
801 929 1129 
749 801 1129 
117 928 
102 117 586 
26 552 762 
667 1090 
102 420 
32 564 1110 
435 541 
842 1090 
102 864 
996 1110 
102 518 
102 191 
49 435 
552 729 950 
118 435 841 
102 594 627 
435 587 594 
117 587 626 
324 1110 
780 801 1110 
366 552 950 
1110 1197 
714 1110 
102 217 1160 
102 975 
455 552 950 
200 801 1110 
898 958 
118 196 435 
349 1090 
69 1110 
63 102 265 
102 633 
102 220 
801 1110 1118 
102 647 
102 627 1060 
102 724 
102 1083 
118 306 435 
1090 1098 
340 552 950 
102 396 898 
102 396 692 
102 233 265 
627 1074 
435 925 
364 1110 
480 801 1110 
435 700 
255 352 627 
255 352 587 
102 626 899 
116 899 
255 627 854 
627 801 854 
362 552 950 
26 552 1006 
0 102 
102 1097 
102 174 
102 265 1152 
749 801 912 
801 912 929 
748 1039 
748 811 
748 891 
410 1110 
552 614 801 
552 950 1046 
627 891 1108 
102 217 286 
26 216 749 
891 928 
995 1090 
552 634 950 
739 801 
552 877 950 
1110 1195 
265 556 
102 1149 
552 717 950 
435 546 552 
32 1110 1144 
118 228 435 
102 118 785 
1110 1139 
102 1123 
102 265 808 
552 602 801 
102 891 932 
102 648 
122 435 
26 552 1092 
801 814 1110 
118 270 950 
102 217 744 
102 130 
102 573 
32 252 1110 
102 1156 
810 1038 1150 
1038 1150 
336 552 950 
265 401 801 
56 801 929 
86 801 1110 
102 217 560 
485 985 
698 1090 
811 818 1038 
254 818 
12 102 
345 811 1039 
102 265 438 
944 1090 
102 134 217 
118 435 452 
102 802 927 
424 801 1110 
102 563 
102 265 1140 
6 435 552 
801 856 1110 
888 1090 
1110 1167 
102 217 980 
552 736 950 
412 552 950 
622 749 801 
102 236 
552 950 1035 
102 118 964 
102 549 
102 764 
435 627 1112 
552 579 950 
102 265 459 
328 1110 
102 265 1192 
102 390 
435 718 
552 604 801 
10 552 950 
930 1090 
627 650 801 
767 802 950 
435 627 638 
102 118 360 
102 627 1171 
278 552 801 
1064 
504 802 1090 
102 1043 
314 1090 
322 435 
521 552 950 
96 102 
102 802 1142 
528 
102 509 1110 
920 
435 982 
102 887 
444 802 1090 
435 872 
111 627 
296 801 1110 
102 627 916 
552 848 950 
302 435 
450 801 1110 
552 677 950 
102 672 
118 435 496 
102 627 1009 
102 265 655 
435 552 1164 
102 265 506 
192 435 
102 903 
102 142 802 
102 637 
370 627 801 
118 138 435 
552 741 950 
32 158 1110 
102 217 522 
102 976 
552 817 950 
184 435 627 
552 771 950 
466 1090 
78 435 
102 265 878 
552 950 952 
102 265 298 
102 150 
102 859 
552 950 1080 
102 108 627 
102 265 937 
80 627 
102 791 
606 801 1110 
118 435 670 
552 950 1052 
464 801 1110 
102 258 
70 102 217 
30 217 
172 435 
58 102 
26 552 938 
552 801 1032 
552 807 950 
102 265 275 
118 435 582 
114 1038 
114 586 
168 627 
552 950 1076 
60 627 1175 
52 102 
74 552 950 
102 1036 
26 552 1028 
54 102 627 
586 898 1191 
616 627 1175 
868 1110 
904 1090 
102 181 
102 1198 
102 1104 
118 435 664 
435 709 
102 747 
710 1090 
102 265 354 
376 1090 
246 1110 
102 265 1050 
552 801 1016 
435 552 1154 
586 692 1137 
88 627 1175 
88 627 929 
1039 1174 
811 1174 
712 801 1110 
102 742 
102 668 
552 580 950 
372 802 1090 
118 530 
102 597 
1038 1116 
586 1116 
435 552 1186 
102 797 1110 
618 749 801 
268 552 950 
552 760 1085 
102 217 776 
102 217 658 
462 1090 
552 950 1180 
102 973 
102 291 
118 1058 1090 
552 832 950 
801 906 1110 
472 801 1110 
330 802 1090 
217 1056 
102 1110 1163 
552 801 838 
102 1184 
386 435 
102 125 
156 1090 
102 498 
102 250 265 
316 801 
102 1012 
552 657 950 
342 801 1110 
104 435 
552 826 950 
102 754 
332 552 950 
552 751 760 
368 801 929 
1090 1132 
102 584 586 
254 810 1150 
254 1150 
435 624 
243 1090 
552 774 801 
118 435 486 
280 
524 1095 
357 1110 
102 217 685 
102 908 
432 749 801 
102 265 334 
102 154 265 
34 102 265 
663 1110 
102 511 
812 1110 
26 552 793 
694 801 1110 
102 313 
118 435 882 
118 378 435 
552 946 950 
102 265 590 
102 217 266 
552 846 950 
84 102 
102 404 
102 600 
552 611 950 
77 552 950 
45 552 950 
67 102 802 
102 853 
102 265 571 
408 586 
102 118 136 
102 265 896 
51 102 265 
4 552 950 
552 760 1003 
102 212 1110 
696 1110 
26 552 830 
102 217 346 
1004 1110 
102 265 566 
102 967 
102 217 1018 
102 106 627 
102 265 1001 
102 627 970 
102 225 
102 195 
102 627 998 
102 550 
102 265 661 
448 552 801 
778 1110 
118 288 435 
102 217 494 
352 627 1175 
102 436 
552 801 824 
552 950 1173 
442 749 801 
552 950 1020 
102 653 
188 1110 
166 552 950 
102 265 277 
178 552 801 
102 118 598 
720 1110 
102 230 
102 265 1102 
828 1110 
102 642 
627 801 1131 
102 300 
552 834 1090 
177 1110 
126 552 950 
435 552 732 
102 1068 
102 170 217 
102 392 802 
163 552 950 
32 261 1110 
102 217 554 
1030 1090 
608 801 1110 
327 801 929 
102 217 892 
102 187 265 
102 752 
102 265 850 
102 318 
32 183 1110 
265 804 
801 1088 1110 
222 552 950 
102 118 640 
102 935 
552 875 950 
113 1090 
102 265 1022 
474 801 1110 
102 422 
102 265 734 
516 627 801 
756 1090 
28 435 552 
235 552 950 
801 1110 1114 
552 782 950 
102 1183 
