93 169 177 
137 169 177 
41 197 
19 85 
159 197 
45 99 
25 99 
35 77 99 
77 99 137 
99 105 139 
7 135 
47 119 
69 85 187 
7 27 187 
7 27 
9 133 181 
87 133 181 
73 133 181 
57 133 181 
39 133 181 
83 91 133 
91 109 133 
133 143 
133 197 
133 147 
1 133 
133 191 
133 195 
111 133 
133 177 
133 
37 109 167 
37 109 125 
37 109 175 
71 75 149 
39 71 109 
37 75 109 
71 75 109 
29 71 109 
71 85 
71 
55 113 129 
53 137 
21 55 113 
21 55 
55 137 
17 55 
55 174 
27 55 
95 97 119 
95 97 161 
95 161 
96 161 
27 161 
199 
27 
105 
39 89 
39 171 
152 171 
112 171 177 
73 
112 138 176 
138 166 176 
138 176 
124 167 176 
75 166 171 
75 124 171 
124 167 171 
33 182 
139 154 171 
32 139 171 
22 88 160 
22 160 177 
22 160 167 
89 125 170 
32 89 113 
32 89 
89 170 
109 
91 112 124 
89 91 124 
89 113 
21 88 113 
21 
184 
4 88 
4 
2 
97 159 
20 159 
96 
118 156 
35 190 
114 176 
47 
58 89 118 
7 89 
100 
42 
53 118 
37 112 
80 89 
80 171 
80 176 
74 80 
80 139 
80 166 
75 112 
112 138 
112 177 
58 112 176 
12 
99 112 176 
111 176 
135 175 
7 139 
57 88 
176 187 
112 176 197 
106 118 
15 66 
112 154 
95 170 
88 174 
93 170 
192 
112 118 181 
32 112 
41 97 
137 170 
54 118 178 
112 176 191 
60 
118 178 
55 176 
150 176 
139 150 
33 150 
150 166 
114 190 
182 
154 166 
37 124 170 
32 176 
118 124 181 
52 99 139 
99 115 190 
187 190 194 
190 197 
33 124 138 
74 91 124 
91 124 190 
59 91 124 
124 191 
75 166 
111 166 
7 74 
58 124 
9 
62 138 
62 177 
62 88 173 
7 190 
75 124 
124 167 
83 
119 124 138 
32 119 124 
119 124 170 
119 166 170 
119 139 170 
33 119 170 
0 53 138 
138 156 
0 106 167 
119 150 190 
15 181 
59 197 
59 74 99 
15 187 194 
74 119 150 
74 154 
37 170 190 
35 194 
74 111 
7 59 
59 99 194 
37 59 150 
37 59 154 
59 154 
75 119 190 
59 91 
111 194 
7 194 
15 99 194 
37 154 194 
37 150 194 
58 74 170 
154 194 
91 194 
36 58 171 
15 58 171 
75 137 
33 75 
0 106 156 
88 156 
0 53 191 
37 166 191 
139 191 
33 191 
32 137 
137 138 
137 177 
37 137 
37 176 
37 139 
33 37 
0 106 125 
166 171 191 
5 22 156 
135 156 173 
29 156 
125 174 198 
125 137 
137 
112 119 
119 124 
119 166 
119 176 
93 177 
36 75 171 
59 147 171 
59 147 
147 194 
15 54 147 
15 147 151 
15 115 147 
15 147 155 
15 147 
147 
80 153 
0 181 
187 
197 
7 153 189 
99 153 189 
35 186 189 
114 155 
14 55 151 
91 189 
111 155 
111 115 
111 
152 
39 189 
14 36 
39 146 
0 188 
188 
178 
106 
1 155 
53 150 
52 138 169 
138 169 179 
169 175 177 
26 118 169 
37 118 190 
37 118 171 
37 74 118 
37 59 118 
37 118 194 
37 118 151 
37 54 118 
75 129 
126 
50 88 167 
143 
129 138 
115 144 
10 167 
64 138 
122 191 
37 122 138 
17 138 
37 77 138 
160 162 
162 198 
161 
25 138 
54 88 164 
85 
59 102 167 
102 194 
15 102 155 
120 195 
37 120 
116 167 
45 58 
45 
69 115 
78 191 
78 138 
32 140 160 
37 172 
19 54 
37 97 130 
28 138 
37 138 149 
14 58 190 
58 74 
151 154 
54 154 
166 195 
74 118 195 
59 195 
125 149 167 
58 172 
77 138 191 
58 125 130 
26 50 175 
104 116 
26 64 170 
26 77 122 
120 
149 
28 88 170 
122 125 170 
122 
112 125 170 
125 170 176 
74 150 
88 118 129 
25 26 
140 
17 113 170 
17 
130 
26 77 88 
78 
170 172 
50 164 
10 164 
10 16 
22 26 135 
26 135 
26 77 
26 64 
28 
174 
5 22 198 
95 
93 
57 97 
112 125 
138 166 171 
26 129 198 
104 172 
19 194 
55 118 171 
33 55 
55 139 
55 166 
55 190 
55 74 
55 59 
55 194 
55 151 
1 36 
37 118 155 
14 115 118 
1 115 118 
15 102 
1 15 
164 180 
102 
30 36 189 
15 30 189 
30 194 
30 189 
