7 167 169 
19 167 169 
159 167 169 
93 169 177 
137 169 177 
45 99 169 
99 107 169 
141 169 175 
75 169 187 
133 169 187 
35 75 169 
35 69 169 
29 35 169 
35 73 169 
9 35 169 
35 109 169 
35 47 169 
35 111 169 
35 159 169 
169 197 
83 169 191 
133 169 191 
159 
41 217 
133 217 
169 195 216 
169 
133 
25 91 
147 181 201 
135 143 
37 135 
97 135 
39 85 181 
39 181 201 
125 135 
71 135 181 
135 181 
135 141 
135 211 
113 135 
135 
25 
87 
207 
1 173 201 
1 77 201 
1 201 
53 55 137 
53 55 129 
53 123 201 
53 65 201 
53 76 201 
53 57 
5 53 129 
53 129 
53 84 201 
53 201 
53 85 
53 77 
53 64 172 
53 64 
53 219 
53 149 
53 122 
21 53 
4 
28 
140 
161 174 
174 
119 210 
210 
21 
17 
95 
199 
27 
96 
105 
89 124 197 
89 197 
139 197 
190 197 
176 197 
74 197 
59 166 197 
166 171 197 
33 166 197 
15 194 197 
36 194 197 
197 215 
194 197 
33 197 
151 197 
155 197 
54 197 
115 197 
197 
14 118 
114 176 
176 195 
14 154 215 
14 55 215 
14 139 195 
58 75 139 
58 139 150 
14 74 150 
14 150 194 
167 192 
14 57 
75 139 191 
139 170 191 
14 139 170 
14 139 
37 139 
32 119 139 
32 139 171 
33 55 171 
167 172 
113 172 
124 150 171 
139 150 
78 177 
78 88 
26 64 170 
26 64 
147 176 
139 147 
124 147 171 
59 147 171 
33 59 147 
33 147 190 
33 58 166 
33 138 166 
55 166 
15 36 181 
0 181 
181 190 
181 194 
59 181 
181 215 
74 181 
36 74 214 
1 36 151 
36 151 214 
14 36 155 
14 36 54 
14 36 
36 119 214 
204 214 
58 204 
100 191 
100 138 
100 154 167 
139 195 
154 190 
59 154 
151 154 
53 118 
0 53 75 
0 53 150 
0 53 191 
0 53 195 
53 150 190 
53 150 
53 170 
1 55 74 
1 74 
1 15 151 
1 151 
1 215 
1 54 
1 155 
7 153 189 
37 138 184 
114 215 
37 120 
37 150 194 
37 118 194 
48 58 
48 170 
137 191 
62 177 
26 62 167 
62 88 173 
32 125 176 
125 170 176 
30 33 124 
30 166 
85 
111 139 
111 166 
74 111 
111 190 
111 194 
99 115 215 
154 194 
55 194 
54 212 
212 
45 138 191 
45 119 138 
45 125 138 
45 138 173 
45 
75 139 
124 139 167 
97 149 
32 176 
113 204 
204 
122 
104 116 
47 
112 161 170 
112 161 
118 161 
161 166 
161 
119 176 
93 198 
89 167 
89 125 
89 113 
83 
57 113 
57 
182 
5 22 198 
91 124 176 
91 124 171 
91 166 
160 162 
120 
42 177 
42 88 
42 
41 97 
39 89 
39 171 
39 176 
39 151 
39 166 
39 74 
39 112 
112 167 
112 138 
150 166 
75 166 
75 124 
124 167 
74 126 
126 190 
37 75 190 
75 119 190 
26 50 175 
152 190 
35 36 190 
35 166 194 
35 36 194 
59 91 
91 194 
33 75 118 
33 75 170 
60 
32 125 130 
125 130 167 
33 36 75 
33 36 191 
33 191 
167 177 219 
219 
0 217 
10 167 
118 156 167 
118 156 
156 167 
69 125 171 
15 66 
80 171 
139 187 190 
71 160 
100 160 177 
100 125 198 
118 164 
0 164 
139 188 
73 125 
9 
20 48 
129 177 
88 129 
26 129 
176 208 
202 
2 
12 
59 102 171 
54 118 178 
10 
73 
78 94 121 
62 
109 
137 
104 172 
106 118 
0 106 167 
77 167 177 
26 167 184 
33 143 171 
0 178 
59 208 
19 54 
144 171 
30 190 
0 53 88 
69 74 
119 139 170 
74 80 
139 143 
139 144 
58 118 139 
77 88 125 
130 
184 
26 77 
97 100 198 
89 170 
59 102 
112 177 
138 150 176 
138 176 
33 114 171 
190 214 
33 190 195 
33 37 
33 187 190 
188 190 
33 150 
144 190 
59 143 
171 190 195 
150 171 190 
35 215 
35 74 
15 59 214 
114 171 194 
59 214 
36 171 195 
59 74 195 
30 189 
152 171 
0 66 
138 166 171 
187 190 194 
15 187 194 
151 187 215 
75 171 190 
36 75 171 
30 194 
59 188 
14 74 170 
59 147 
115 144 
152 194 
74 150 
166 191 
37 170 190 
80 190 
39 190 
150 190 
190 195 
80 194 
39 59 
14 59 150 
37 59 150 
59 119 150 
59 195 
19 153 
164 180 
164 
99 178 186 
35 178 196 
106 
35 186 189 
171 181 
114 171 
147 171 
154 171 
55 171 
171 214 
150 171 
171 195 
102 171 
15 58 171 
0 143 171 
58 74 
188 194 
147 194 
39 194 
102 194 
143 194 
69 153 178 
39 103 178 
178 
80 153 
147 
153 181 
111 189 
114 155 
39 155 
39 115 
39 189 
55 126 
126 
217 
91 189 
115 208 
208 
102 
69 110 153 
69 110 146 
152 
1 15 
66 189 
144 186 
14 55 151 
151 214 
69 146 
35 186 
99 
30 
39 
111 
188 
187 
