45 99 169 
99 107 169 
19 169 
93 169 177 
137 169 177 
7 167 169 
7 169 175 
7 35 169 
7 169 
69 91 169 
75 97 169 
83 97 169 
87 97 169 
97 169 
41 91 169 
91 111 169 
29 37 169 
29 125 169 
29 61 169 
121 159 169 
51 147 169 
147 165 169 
47 164 
29 63 169 
159 
169 
71 135 173 
135 173 
135 143 
1 135 
113 135 
55 135 
62 154 
135 
25 
50 
73 
9 
53 57 
57 154 
77 154 
111 129 
39 60 161 
60 
109 
120 
77 111 
77 
85 
149 
161 172 
174 
119 172 
172 
21 
17 
95 
27 
96 
105 
89 154 
112 154 171 
71 
112 161 
88 140 
112 138 176 
26 64 
112 167 176 
88 93 
100 
144 176 
59 102 171 
59 102 
102 112 
58 112 176 
58 124 176 
58 118 139 
58 124 139 
33 58 124 
119 124 138 
33 124 138 
33 138 166 
122 125 177 
35 36 139 
30 166 
139 152 
116 177 
33 55 
7 139 
10 175 
22 88 160 
125 170 176 
118 164 
1 33 118 
126 166 
139 144 
139 143 
62 177 
139 147 
2 125 177 
69 74 
78 177 
74 80 
162 170 
89 118 177 
42 125 170 
19 54 
87 
48 170 
112 125 177 
57 125 
42 177 
118 178 
52 99 139 
118 125 156 
139 154 171 
139 154 
154 166 
74 154 
37 74 118 
28 138 
0 106 167 
106 
1 36 59 
1 36 151 
0 53 75 
0 164 
45 
59 147 
75 119 139 
59 99 
15 99 115 
152 155 
4 170 
151 154 
35 151 
30 59 
39 151 
7 59 
37 59 118 
28 75 
75 125 139 
75 139 
124 139 167 
28 170 177 
15 66 
32 125 130 
20 125 130 
62 
16 42 136 
28 125 
2 125 
112 125 
89 125 
122 125 
88 129 
104 116 
118 162 
118 156 
2 
28 
140 
93 
122 
26 118 129 
89 113 
22 26 
57 97 
112 171 177 
32 124 171 
32 166 171 
32 139 171 
75 118 171 
118 143 171 
74 91 
138 176 
161 
36 58 171 
58 74 118 
30 151 
147 151 
58 166 
114 151 
69 115 
143 
91 151 
37 118 151 
33 58 
55 151 
75 166 
124 167 
130 
53 118 
111 166 
74 111 
59 111 
111 155 
7 15 115 
115 144 
138 156 
160 162 
33 119 170 
33 36 75 
33 37 
0 53 138 
4 
119 166 
119 176 
32 112 
32 176 
15 58 74 
15 58 171 
1 15 151 
37 139 170 
47 125 
47 113 
47 
88 137 
137 
89 150 
150 171 176 
124 150 171 
150 166 171 
139 150 171 
33 150 171 
33 150 
74 150 
35 36 59 
39 59 
59 80 
55 59 
59 91 
15 35 
80 
91 
36 152 
36 114 
19 
36 115 147 
111 115 
39 115 
1 36 
54 154 
37 54 118 
37 118 155 
115 152 
30 115 
152 
114 118 
1 115 118 
15 99 
15 114 155 
30 146 
69 146 
15 111 
15 39 
1 15 
144 
7 146 153 
0 66 
35 115 
14 115 118 
99 153 
114 155 
114 171 
147 
154 171 
0 55 171 
39 
178 
66 103 
53 114 
53 160 
14 32 133 
32 133 
119 133 167 
133 177 
133 
