61 667 1015 
381 653 1015 
513 667 1015 
667 1015 1107 
227 667 975 
667 975 1015 
653 831 905 
21 653 831 
303 653 831 
653 703 831 
211 666 831 
302 975 1015 
707 747 1015 
707 747 769 
707 747 829 
475 707 747 
477 707 747 
241 303 1183 
303 1097 1183 
37 904 975 
795 904 975 
477 666 1139 
129 667 1097 
477 667 707 
667 707 989 
667 707 1097 
195 667 707 
597 667 707 
667 707 795 
37 667 707 
667 707 1159 
133 667 707 
325 667 707 
625 667 707 
321 667 707 
667 707 713 
667 707 1151 
533 667 707 
283 667 707 
667 707 1031 
667 707 1067 
315 667 707 
667 707 815 
667 707 967 
667 707 861 
667 707 757 
60 667 919 
61 667 1123 
61 667 813 
61 667 907 
61 173 667 
61 329 667 
61 345 667 
61 87 667 
380 667 919 
61 357 667 
61 403 667 
61 565 667 
61 159 667 
61 667 821 
61 113 1182 
61 417 667 
61 593 667 
61 451 667 
61 615 667 
61 501 667 
61 667 997 
61 111 667 
61 425 667 
61 473 667 
61 79 667 
61 667 825 
61 667 935 
61 667 869 
61 667 943 
61 1011 1182 
61 279 1011 
61 703 1011 
61 703 949 
61 585 949 
61 585 663 
61 585 841 
61 585 901 
61 183 585 
61 233 667 
61 399 667 
380 569 667 
128 569 667 
61 163 667 
128 667 1111 
61 611 667 
61 746 1073 
128 667 1149 
61 77 667 
61 667 727 
61 545 667 
61 275 667 
61 667 927 
61 585 709 
61 709 1033 
61 387 709 
61 709 1025 
61 709 969 
61 709 1079 
61 629 709 
61 128 709 
61 63 667 
61 667 1003 
61 263 951 
61 459 667 
61 667 951 
61 667 941 
61 667 807 
61 213 885 
61 667 859 
61 667 793 
61 213 667 
61 667 875 
61 667 1001 
61 667 691 
61 667 817 
61 667 877 
61 579 667 
3 61 101 
61 128 541 
61 667 1171 
61 235 667 
61 667 791 
61 667 973 
61 657 667 
61 667 1101 
61 667 771 
61 119 667 
61 125 667 
61 103 667 
61 571 667 
27 61 667 
61 667 1017 
61 667 1085 
61 667 717 
128 619 667 
61 667 1035 
61 187 667 
3 128 549 
3 128 667 
61 667 1173 
61 73 128 
61 667 677 
61 667 785 
61 667 845 
61 655 667 
61 667 1071 
61 667 801 
61 429 667 
61 667 1043 
61 661 667 
61 443 667 
128 603 903 
61 667 937 
61 257 667 
61 441 667 
61 667 839 
61 667 751 
128 667 707 
128 603 667 
61 667 803 
19 61 746 
57 61 667 
61 623 667 
61 667 685 
51 61 667 
128 199 667 
61 667 729 
128 667 925 
61 667 979 
128 243 667 
61 295 667 
128 667 1163 
128 667 929 
61 667 731 
61 667 1175 
61 179 667 
23 61 128 
61 67 667 
61 225 667 
39 128 667 
61 147 667 
61 121 667 
128 527 667 
128 667 775 
61 667 1027 
61 435 667 
61 449 667 
61 667 799 
61 667 913 
61 667 1189 
61 128 389 
61 128 313 
61 291 667 
61 128 681 
61 667 687 
128 351 667 
61 457 667 
61 573 667 
61 427 667 
61 128 1063 
61 667 761 
61 521 667 
49 61 128 
128 667 991 
61 277 667 
61 128 1139 
61 128 667 
128 666 1167 
471 637 666 
128 637 666 
61 107 666 
61 203 1183 
61 203 349 
61 203 904 
20 128 431 
61 181 666 
20 61 203 
61 203 1113 
61 203 1083 
61 203 853 
21 128 633 
21 61 539 
128 141 666 
61 647 702 
61 97 647 
61 97 203 
61 161 703 
61 203 702 
61 203 968 
128 589 703 
61 1197 
61 1195 1196 
61 177 
253 1039 1196 
253 509 1196 
309 881 1196 
881 1089 1196 
465 881 1196 
553 881 1196 
607 881 1196 
512 881 1196 
115 881 1196 
881 983 1196 
509 699 1196 
61 1177 1196 
61 153 1196 
61 117 
61 69 
61 891 
116 278 749 
699 749 1196 
411 749 1196 
407 749 1196 
483 749 1196 
409 749 1196 
666 749 
61 824 
61 825 1024 
61 628 1196 
61 350 1196 
61 602 1196 
61 535 1196 
61 91 1196 
61 489 1196 
61 172 
61 614 
2 61 173 
61 386 
61 584 
61 173 990 
61 173 371 
61 165 173 
61 173 627 
61 353 
61 1078 
61 173 1179 
61 173 517 
61 173 774 
173 693 983 
61 173 1075 
61 173 618 
61 173 921 
61 173 242 
61 1032 
61 173 1099 
61 173 695 
61 173 983 
349 381 1196 
252 349 1196 
308 349 1196 
349 1088 1196 
349 513 1196 
349 464 1196 
349 606 1196 
349 615 756 
114 349 1196 
114 349 757 
349 698 757 
96 349 757 
349 552 757 
243 349 757 
173 349 1191 
173 349 470 
349 757 920 
173 349 410 
349 482 757 
349 408 757 
173 261 349 
173 349 538 
173 349 971 
349 757 1098 
349 694 757 
173 349 855 
349 703 757 
21 349 757 
173 349 905 
349 615 905 
349 825 905 
349 905 1194 
349 757 905 
279 349 756 
349 756 1033 
349 756 1025 
349 619 756 
349 756 1079 
3 349 756 
349 629 756 
116 349 603 
116 164 349 
176 349 905 
116 349 905 
116 349 797 
349 516 756 
349 756 775 
116 349 991 
116 349 351 
60 349 969 
349 756 1178 
116 349 534 
349 585 756 
666 853 1038 
585 666 853 
349 511 757 
349 369 757 
349 585 1062 
245 666 757 
349 406 757 
349 621 757 
349 605 757 
177 433 904 
177 203 591 
29 177 203 
160 177 590 
177 203 1112 
440 590 666 
177 255 590 
106 177 203 
177 590 626 
36 177 203 
177 203 666 
303 370 667 
105 370 667 
37 205 667 
370 667 781 
145 370 667 
370 667 1095 
311 370 667 
370 667 1115 
370 667 955 
37 667 1009 
370 529 667 
89 370 667 
37 359 667 
370 575 667 
37 667 689 
37 488 667 
247 370 667 
247 667 1074 
667 843 1074 
37 379 667 
667 773 1074 
667 735 1074 
139 667 1074 
139 203 667 
203 667 671 
203 343 667 
203 667 711 
37 667 884 
203 547 667 
41 203 667 
37 197 667 
203 667 1187 
203 667 948 
203 229 667 
201 203 667 
203 667 900 
203 667 1119 
37 72 667 
37 65 667 
37 48 667 
37 583 667 
112 667 887 
37 388 667 
37 588 667 
112 203 667 
177 203 373 
177 182 372 
177 372 1135 
177 262 372 
177 372 487 
177 372 665 
177 372 419 
177 372 662 
177 372 708 
177 372 1010 
177 372 540 
177 189 372 
177 307 372 
177 372 497 
177 372 987 
177 281 372 
177 372 453 
177 372 1165 
177 289 372 
177 372 1155 
177 372 883 
177 372 525 
177 365 372 
177 372 840 
7 177 372 
177 372 1072 
177 372 1059 
100 177 372 
83 177 372 
177 372 851 
299 372 1182 
22 372 1183 
372 1005 1183 
90 372 1183 
372 613 1183 
299 372 1082 
299 372 746 
299 372 1166 
68 299 372 
299 372 852 
299 372 880 
299 372 585 
152 372 1183 
152 372 1167 
721 831 1167 
331 1167 1182 
1153 1167 1182 
505 1167 1182 
500 504 1167 
504 739 1182 
162 504 1167 
504 1150 1182 
162 177 504 
504 726 1182 
177 372 767 
177 203 505 
177 504 
177 372 
37 747 
177 1152 
177 330 455 
177 373 741 
177 330 
177 1151 
177 501 
302 853 
177 373 514 
373 585 881 
45 177 373 
177 373 415 
163 177 
177 1058 
177 1004 
177 373 723 
302 1083 
37 303 524 
303 524 1182 
303 585 1183 
36 524 719 
36 524 585 
373 563 1182 
37 667 
177 524 666 
524 666 1039 
69 524 666 
524 617 666 
386 524 
524 942 
110 524 
524 1197 
524 1195 
324 524 
23 1059 1196 
524 831 
226 524 830 
524 830 1153 
524 830 868 
666 798 830 
524 830 1150 
344 666 830 
524 830 899 
282 524 830 
191 666 830 
493 666 830 
666 830 995 
447 524 830 
207 830 1059 
207 830 1005 
162 524 830 
524 830 876 
524 1014 
314 666 1015 
349 828 1015 
666 768 1015 
474 666 1015 
666 794 1015 
132 666 1015 
666 1015 1158 
320 349 1015 
587 666 1015 
349 624 1015 
666 712 1015 
666 1015 1030 
349 814 1015 
349 906 1015 
328 349 1015 
86 666 1015 
158 349 1015 
349 402 1015 
666 996 1015 
349 564 1015 
666 820 1015 
592 666 1015 
666 812 1015 
450 666 1015 
373 1015 1137 
331 1015 1137 
505 1015 1137 
666 1015 1109 
372 424 1015 
330 760 1015 
330 424 1015 
472 666 1015 
666 1015 1169 
78 666 1015 
416 666 1015 
217 666 1015 
265 666 1015 
372 581 1015 
330 581 1015 
330 847 1015 
330 349 
172 373 1015 
172 372 
330 1066 
330 1015 1161 
371 373 1015 
373 627 1015 
373 811 1015 
232 330 1015 
373 639 1015 
330 1113 
330 686 1015 
373 595 1015 
81 373 1015 
373 720 1015 
101 1005 1015 
101 1069 
101 373 1068 
524 806 1068 
524 544 1068 
373 524 1068 
373 999 1068 
373 1068 1179 
373 476 1068 
373 651 1068 
330 1034 1068 
109 373 1068 
219 373 1068 
178 666 1068 
169 373 1068 
373 517 1068 
76 330 1068 
118 330 1068 
666 1029 1068 
330 610 1068 
251 330 1068 
373 993 1068 
271 330 1068 
149 373 1068 
330 988 
82 373 989 
373 389 989 
263 373 989 
55 373 989 
373 989 1170 
373 961 989 
330 792 989 
373 461 989 
330 989 1002 
330 505 989 
330 989 1093 
330 398 989 
330 939 989 
373 718 989 
330 656 989 
330 989 1070 
146 330 989 
330 874 989 
330 989 1051 
330 373 989 
373 1068 1113 
504 760 1068 
302 760 1068 
841 988 
988 1004 
185 373 1068 
153 373 1068 
589 1068 
342 988 
988 1011 
343 612 1068 
343 1068 1075 
13 358 
12 373 824 
12 666 988 
507 825 1058 
825 1007 1058 
988 1058 
505 824 989 
359 824 989 
302 989 1000 
274 302 989 
302 989 1084 
373 989 1041 
302 570 989 
302 660 989 
302 989 1172 
302 458 989 
91 373 989 
302 770 989 
43 302 989 
373 917 989 
62 302 989 
186 302 989 
302 578 989 
302 989 
303 968 989 
104 989 
105 378 989 
105 885 989 
772 989 
85 105 1134 
105 504 614 
780 989 
144 989 
73 105 989 
105 596 1154 
105 614 1154 
310 989 
670 989 
954 989 
989 1058 
177 303 1068 
204 591 989 
204 989 1153 
204 989 1150 
162 204 989 
989 1114 
842 989 
574 989 
6 85 105 
84 105 614 
989 1094 
710 989 
113 989 
528 728 989 
40 989 
989 1186 
183 989 
138 728 989 
138 989 
200 989 
196 989 
989 1118 
582 989 
663 989 
228 989 
541 989 
664 989 
529 986 989 
486 989 
546 989 
188 989 
989 1164 
882 989 
280 989 
364 989 
496 989 
452 989 
288 989 
547 614 989 
306 989 
105 838 989 
418 676 989 
418 989 
107 989 
597 709 
709 989 
901 989 
105 985 989 
204 989 
205 688 989 
205 989 1078 
205 489 989 
205 800 989 
64 989 
205 950 989 
246 989 
28 989 
949 989 
989 1008 
448 989 
604 989 
989 1024 
270 278 
26 989 
278 989 
620 989 
989 1032 
355 989 
989 1016 1141 
763 989 1141 
628 989 1141 
434 989 1141 
912 989 1141 
102 989 1141 
350 989 1141 
774 989 1141 
622 989 1141 
579 989 1141 
846 989 1141 
2 989 1141 
989 1141 
3 936 989 
847 936 989 
578 936 989 
775 936 989 
623 936 989 
435 936 989 
351 936 989 
722 936 989 
13 20 682 
20 491 682 
20 469 682 
85 468 905 
12 71 905 
469 682 702 
2 12 703 
434 682 750 
682 750 774 
622 682 750 
622 682 
350 682 
682 730 
2 682 
33 682 
442 682 
294 654 682 
294 596 682 
85 294 682 
432 682 
294 682 
535 682 
602 682 
682 990 
56 682 
120 682 1091 
120 618 682 
618 682 
682 1073 
212 682 
682 1174 
163 682 
567 682 1103 
567 682 933 
567 682 1061 
1060 1125 
567 682 1129 
44 49 682 
44 682 846 
649 682 846 
161 649 682 
13 161 682 
490 703 1037 
468 847 1037 
468 847 897 
13 682 702 
682 702 787 
468 703 897 
301 682 702 
300 905 1105 
97 469 682 
300 905 1055 
300 303 1055 
300 303 423 
131 300 303 
12 96 904 
13 96 846 
96 1147 1151 
13 96 1151 
13 471 682 
13 682 1152 
13 590 682 
13 682 1063 
13 682 734 
96 165 490 
13 96 1160 
13 407 682 
13 96 727 
13 368 682 
13 539 682 
13 298 538 
470 490 897 
13 538 580 
13 553 682 
13 552 807 
13 552 
13 538 
13 96 
96 1153 
96 469 
421 468 470 
468 591 860 
468 591 753 
194 468 591 
194 468 470 
96 194 468 
96 468 519 
96 468 532 
96 237 468 
96 468 755 
96 468 725 
96 468 673 
96 468 485 
96 231 468 
96 468 1049 
299 468 471 
299 468 1129 
468 470 1129 
96 468 1129 
96 259 468 
96 468 923 
59 96 468 
96 551 
96 131 
96 1096 
96 909 
1 96 
0 96 966 
0 471 1161 
0 96 865 
0 471 735 
0 735 1193 
0 735 
240 470 
96 240 
96 1150 
96 1199 
96 339 
96 743 
471 726 742 
471 581 742 
437 581 742 
437 742 806 
590 742 816 
254 591 742 
287 590 742 
253 742 926 
590 742 1023 
437 591 742 
591 742 
456 590 742 
426 590 742 
327 470 742 
471 742 847 
471 742 844 
742 844 846 
470 742 784 
742 784 1062 
301 1062 
271 300 471 
471 742 833 
96 742 1188 
471 742 
301 470 
271 300 1148 
271 300 779 
271 300 690 
300 512 641 
300 470 599 
300 470 690 
300 470 523 
249 300 470 
93 300 512 
300 513 977 
300 470 965 
300 470 537 
300 385 470 
300 512 
300 513 1013 
505 513 1063 
504 513 568 
504 513 940 
300 397 513 
5 300 513 
300 513 543 
300 513 981 
267 300 513 
300 513 940 
273 300 513 
300 513 849 
300 513 745 
11 300 513 
778 1147 1151 
469 471 569 
469 471 778 
471 778 1153 
471 778 1147 
194 471 778 
471 725 778 
59 471 778 
231 471 1149 
421 471 1149 
59 471 1149 
471 519 1149 
471 755 1149 
436 471 755 
97 270 1150 
97 941 1150 
241 471 755 
471 755 1012 
237 471 1012 
237 471 976 
237 471 941 
237 471 691 
259 471 691 
471 691 865 
471 691 1049 
240 396 471 
406 640 1049 
406 485 640 
369 485 640 
164 485 640 
164 287 640 
92 97 287 
0 471 816 
287 471 536 
162 240 536 
426 471 536 
240 271 536 
163 241 
164 270 
241 846 
162 240 272 
240 271 272 
240 271 848 
241 847 
240 744 847 
240 266 847 
240 266 271 
162 240 270 
165 255 505 
240 504 1072 
270 927 
240 266 1072 
240 266 641 
97 640 802 
640 703 
160 640 
48 702 980 
266 702 716 
266 702 
161 271 964 
161 271 832 
161 542 1072 
471 542 
4 165 
97 598 
164 271 
163 1097 
162 165 384 
471 522 
846 1097 
0 471 
162 248 1096 
163 864 
846 864 
338 471 
846 865 1022 
162 468 
162 1198 
469 703 
163 468 
469 484 702 
550 702 
672 702 
551 702 1048 
130 702 
131 160 
469 1072 
724 1073 
195 1073 
908 1073 
194 1073 1128 
230 1073 
967 1073 
258 1073 
533 1073 
58 1073 
59 1060 1073 
59 717 1192 
786 1073 
754 1073 
787 922 1073 
787 1073 1192 
12 
490 
1054 1073 
422 
752 
648 
518 1073 
236 
1104 
861 
619 
618 1102 1105 
286 618 
213 
48 1105 
457 905 1105 
49 932 1105 
45 49 
845 1146 
991 
1090 
603 
57 
1175 
803 1146 
1146 
