7 9 
1 3 5 6 9 15 
1 2 5 6 9 15 
1 2 4 6 9 15 
1 2 4 6 8 15 
4 7 
1 2 4 6 8 11 13 14 17 19 27 
1 2 4 6 8 11 13 14 16 19 27 
1 2 4 6 8 11 13 14 16 18 29 
0 2 4 6 8 11 13 14 16 19 27 
0 3 4 6 8 11 13 14 16 19 27 
0 3 4 6 8 17 
0 2 4 6 8 17 
0 2 4 6 9 17 
0 2 5 6 9 17 
0 2 5 6 8 17 
0 2 5 6 8 11 13 14 16 19 27 
2 7 
0 2 5 6 8 10 13 14 16 19 27 
0 3 5 6 8 10 13 14 16 19 27 
0 3 4 6 8 10 13 14 16 19 27 
0 3 4 6 8 10 13 14 16 19 21 23 25 26 29 31 
0 3 4 6 8 10 13 14 16 19 21 22 25 26 29 31 
0 3 4 6 8 10 13 14 16 19 21 22 25 26 29 33 
0 3 4 6 8 10 13 14 16 19 21 22 24 26 29 35 
3 4 6 10 13 14 16 19 21 22 24 26 29 33 
3 4 6 10 13 14 16 19 22 29 
3 4 6 10 13 14 19 24 26 29 
0 3 4 6 10 13 14 16 19 29 
3 4 6 10 13 14 16 19 21 23 25 26 28 30 
3 4 6 10 13 14 16 19 21 23 25 26 28 32 
3 4 6 10 13 14 19 21 22 25 26 28 32 39 
3 4 6 10 13 14 19 21 22 25 26 28 32 
0 3 4 6 8 10 13 14 16 19 21 23 25 26 28 38 
0 3 4 6 10 13 14 16 19 25 
1 4 
0 3 4 6 10 13 14 16 19 21 
0 3 4 6 10 13 
0 2 4 6 8 10 13 14 16 19 20 
0 4 6 9 10 13 14 16 19 23 
0 2 4 6 9 10 13 
0 4 6 10 13 14 16 19 21 22 
0 2 4 6 8 10 13 14 16 19 21 
0 2 4 6 9 11 13 14 16 19 23 
0 2 4 6 9 19 
2 4 6 8 11 13 14 16 19 22 
0 2 4 6 8 19 
0 3 4 6 9 11 13 14 16 19 23 
0 3 4 6 9 11 13 14 16 19 20 22 24 26 28 39 
0 3 4 6 9 19 
3 4 6 11 13 14 16 19 20 22 24 26 28 38 
4 
0 3 5 6 8 11 13 14 16 19 22 
0 3 5 6 8 13 19 
0 2 6 8 11 13 14 16 19 23 
0 2 5 11 13 14 16 19 22 
0 3 5 6 9 19 
5 6 9 11 13 14 16 19 20 
0 5 6 9 10 13 14 16 19 20 
0 2 5 8 10 13 
0 2 5 6 9 19 
1 3 5 6 9 19 
2 5 6 9 10 13 14 16 19 20 
1 9 
1 2 5 6 8 19 
0 2 5 8 11 12 14 16 19 21 
0 2 5 6 8 10 12 14 16 19 21 
0 2 5 6 11 12 14 16 19 23 
0 2 5 6 8 19 
0 2 5 6 9 11 14 16 18 20 22 24 26 28 37 
2 
1 3 5 8 11 12 14 16 18 20 22 24 26 28 36 
1 3 5 8 11 12 14 16 18 22 
1 3 5 8 12 18 
1 3 6 8 11 13 14 16 18 20 
1 3 5 6 8 18 
1 5 6 8 11 13 14 16 19 21 
1 3 5 6 8 13 
1 3 5 6 8 11 
1 3 5 6 8 10 12 14 16 19 23 
1 3 5 6 8 10 12 14 16 19 20 22 24 26 28 39 
3 5 6 8 10 12 14 16 19 24 26 28 33 35 37 38 
3 5 6 8 12 14 16 19 20 22 24 26 28 33 35 
1 3 5 8 10 12 14 16 19 20 22 24 26 28 33 36 
1 3 5 8 10 12 14 16 19 20 22 24 26 28 35 37 
1 3 5 6 8 10 12 14 16 19 20 22 24 26 28 35 
1 3 5 6 8 10 12 14 16 19 20 22 24 26 28 36 
3 5 6 8 10 14 16 19 20 22 26 29 33 37 
3 5 6 8 10 14 16 19 20 22 24 26 29 33 
3 5 6 8 10 12 14 19 20 22 24 26 29 34 
1 3 6 8 10 12 14 16 19 26 29 
3 5 6 8 10 12 14 16 19 20 25 26 28 35 38 
1 3 6 8 12 14 16 20 22 25 26 28 36 
1 3 6 8 12 14 16 19 20 22 25 26 28 35 
1 3 5 6 8 12 14 16 19 20 22 25 26 28 32 
3 6 8 10 12 14 16 19 22 25 
3 5 6 8 10 12 14 16 19 20 22 24 27 28 39 
1 3 5 6 8 10 12 16 19 20 22 24 27 28 37 
1 3 5 6 8 10 12 16 19 20 22 24 27 28 33 
1 3 5 6 8 10 12 14 16 19 20 22 24 27 28 34 
1 3 5 6 8 10 12 14 16 19 27 
3 5 6 8 10 12 14 16 19 21 22 24 26 28 35 
3 5 6 8 10 12 14 19 21 24 26 28 32 36 
3 5 6 8 10 14 16 19 21 22 24 26 28 32 
1 3 5 8 10 12 14 16 19 21 22 24 26 28 38 
1 3 5 6 8 10 12 14 16 19 21 22 
1 3 5 6 8 17 
1 3 5 6 8 15 
0 3 5 6 8 17 
0 3 5 6 8 11 12 15 16 19 23 
3 5 6 8 11 12 15 16 19 20 22 24 27 28 33 
3 5 6 8 11 12 15 16 19 20 22 24 27 28 39 
3 5 6 8 11 15 16 19 20 22 24 27 28 37 
3 5 6 8 11 12 15 16 19 28 
3 5 6 8 15 19 
0 3 6 8 11 12 14 16 19 29 
0 5 6 8 11 12 14 19 20 22 24 27 28 36 
5 6 8 11 12 14 16 19 20 22 24 27 28 32 
3 5 6 8 11 12 14 16 19 27 
0 3 5 8 11 12 14 19 20 22 24 26 28 36 
3 5 6 8 11 12 14 16 19 20 22 24 26 28 32 
3 5 6 8 11 12 14 16 19 20 22 25 26 28 38 
3 6 8 11 12 14 16 19 22 25 
0 3 5 6 8 11 12 14 16 19 23 
0 3 5 6 8 11 12 14 16 19 21 
0 3 5 6 8 10 12 14 16 19 23 
0 3 5 6 8 10 12 14 16 19 20 22 24 26 33 36 
0 3 5 6 8 10 12 14 16 19 20 22 24 26 28 32 
0 3 6 8 10 12 14 16 19 20 22 24 26 29 37 
3 5 6 8 10 12 14 16 19 26 29 
0 3 5 6 8 10 12 14 16 19 29 
0 5 6 8 10 12 14 16 19 20 22 24 27 28 35 
0 3 5 6 8 10 12 14 16 19 20 22 24 27 28 36 
0 3 5 6 8 10 12 14 16 19 27 
3 5 6 8 10 12 14 16 19 21 22 24 26 28 38 
0 3 5 6 8 10 12 14 16 19 21 
1 3 5 7 8 11 
0 7 
1 3 5 7 8 13 
1 3 5 7 8 15 
1 3 5 7 8 17 
1 3 5 7 8 10 12 14 16 19 27 
3 5 7 8 10 12 14 16 19 20 22 24 26 28 39 
1 3 5 7 8 10 12 14 16 19 20 24 26 28 33 37 
1 3 5 7 8 10 12 14 16 19 20 22 24 26 28 37 
1 3 5 7 8 10 12 14 16 19 20 22 24 26 28 34 
7 
3 5 6 8 10 12 14 16 18 20 22 24 26 28 35 
0 3 6 8 10 12 14 16 18 20 22 24 26 28 32 36 
0 3 5 6 8 10 12 14 16 18 20 22 24 26 28 36 
0 3 5 6 8 10 18 
3 5 6 8 11 12 14 16 20 22 24 26 28 35 37 39 
3 5 6 8 11 12 14 16 18 20 22 24 26 28 35 37 
3 5 6 8 11 12 14 16 18 20 22 24 26 28 32 37 
0 3 5 6 8 11 12 14 16 18 20 22 24 26 28 36 38 
0 3 5 6 8 11 12 14 16 18 20 24 26 28 32 39 
3 6 8 11 12 14 16 18 22 25 
3 6 8 11 12 14 18 20 22 26 29 37 39 
3 6 8 11 12 14 18 20 22 26 29 33 37 
3 6 8 11 12 14 18 20 22 24 26 29 33 
0 3 5 6 8 11 14 16 18 20 22 24 26 29 34 
3 5 6 8 11 12 14 16 18 26 29 
3 5 6 8 11 14 16 18 20 23 25 26 28 38 
3 5 6 8 11 12 14 16 20 23 25 26 28 35 
3 5 6 8 11 12 14 16 20 23 25 28 32 36 
0 3 6 8 11 12 14 16 20 23 25 26 28 32 
0 3 5 8 11 12 14 18 20 25 
0 3 5 6 8 11 12 14 16 18 20 23 24 26 28 37 
0 3 5 6 8 11 12 14 16 18 23 
0 3 5 6 8 11 12 14 16 18 27 
3 5 6 8 11 14 16 18 21 22 24 26 28 36 
0 3 5 6 8 11 12 14 16 18 21 
0 5 6 8 11 13 14 16 18 20 23 24 27 28 37 
3 5 6 8 11 13 14 16 18 27 
0 3 5 6 8 13 
3 5 6 8 11 12 15 16 23 26 
0 3 5 6 8 11 15 16 20 22 24 26 28 33 
3 5 6 8 11 12 15 16 20 22 24 26 28 39 
3 5 6 8 11 12 15 16 18 26 
3 5 6 8 11 12 15 16 18 20 22 24 27 28 34 
0 3 5 6 8 11 12 15 16 18 28 
0 3 5 6 8 11 15 
0 3 5 6 9 10 
0 3 5 6 9 17 
0 3 5 6 9 11 13 15 16 18 29 
3 5 6 9 13 15 
0 3 5 6 9 15 
0 3 5 6 9 11 12 14 16 18 20 22 24 27 28 38 
9 
