19 
1 3 5 7 9 11 13 15 17 18 21 
1 2 
1 4 9 
1 12 
1 3 5 7 9 10 13 15 17 18 21 
1 3 5 6 9 10 13 15 17 18 21 
10 
0 3 5 9 15 18 21 27 29 31 35 39 
0 3 5 9 15 18 21 23 25 27 29 30 33 35 39 45 47 51 
0 3 5 9 15 18 21 23 25 27 29 30 33 35 37 39 45 47 
0 3 5 6 9 11 13 15 17 18 36 
3 5 9 11 15 17 18 21 25 27 29 30 33 35 37 39 45 55 
3 5 9 11 15 17 18 21 25 27 29 30 33 35 39 41 43 45 
3 5 9 11 15 17 18 21 23 25 27 29 30 33 35 39 43 45 
0 5 9 11 15 18 21 29 32 35 39 
0 3 5 9 15 18 21 23 25 27 29 30 33 35 37 39 42 45 
3 5 6 9 13 15 18 21 25 29 30 33 35 37 39 45 50 57 
5 9 11 15 18 21 22 24 27 29 30 33 35 37 39 45 
0 5 6 9 13 15 17 21 23 24 27 29 30 33 35 37 39 42 45 
9 
0 3 5 6 8 15 18 23 24 27 29 30 33 35 37 38 45 50 53 57 
3 5 8 11 15 17 18 23 24 27 29 30 33 35 37 39 45 57 
0 3 5 6 8 11 13 15 17 18 36 
3 5 8 11 15 17 18 24 27 29 30 33 35 37 38 45 50 57 59 
5 8 11 15 18 21 24 26 29 30 33 35 37 38 45 50 57 59 
3 5 8 11 15 18 21 23 24 26 29 30 33 35 37 39 45 52 
3 5 8 11 15 18 21 23 24 26 29 30 33 35 37 39 45 
0 3 5 6 8 15 18 21 23 24 26 29 31 35 37 39 42 45 46 54 
5 8 11 13 15 18 24 27 29 31 35 39 
0 3 5 8 11 13 15 17 18 21 23 24 26 29 31 33 35 37 38 50 
3 5 8 11 13 15 18 21 23 24 26 29 31 33 35 37 38 50 
3 5 6 8 11 13 15 18 21 23 24 26 29 31 32 35 37 38 50 
0 3 5 6 13 15 16 18 21 23 24 26 29 31 32 35 38 40 45 53 
0 3 5 6 8 15 16 23 24 26 29 31 32 37 38 41 45 46 57 59 
5 6 8 11 15 18 21 24 26 29 31 32 35 38 45 53 57 
3 5 8 11 13 15 18 21 23 24 26 29 31 32 35 37 38 45 57 59 
3 5 6 8 11 15 18 24 26 29 31 33 35 37 38 45 57 59 
3 5 8 11 13 15 18 23 24 26 29 30 33 35 37 38 45 51 57 59 
0 3 5 8 11 13 15 18 21 23 24 26 29 32 35 37 38 40 45 57 59 
3 5 6 8 11 13 15 18 24 26 29 30 32 35 37 38 45 57 59 
0 3 5 7 8 11 13 15 17 18 32 
0 3 5 7 8 11 13 15 16 18 32 
1 3 5 7 8 11 13 15 17 18 30 
1 3 5 7 8 11 13 15 16 18 32 
1 5 7 8 13 17 18 21 23 24 26 29 31 33 37 38 41 45 52 59 
1 3 5 7 8 13 15 17 18 21 26 29 31 33 35 37 38 45 57 59 
1 3 5 7 8 11 13 15 18 21 23 24 26 29 31 33 35 37 38 45 59 
3 5 7 8 11 13 15 18 21 23 24 26 29 31 33 35 37 38 45 59 
3 5 7 8 11 13 15 18 21 23 24 26 29 30 33 35 37 38 45 53 
3 5 7 8 11 13 15 16 18 21 23 24 26 29 30 33 35 37 38 45 
3 5 7 8 11 13 15 17 18 21 23 24 26 29 30 33 35 37 38 45 
3 5 6 8 11 13 15 18 21 23 24 26 29 30 33 35 37 38 45 
3 5 6 8 11 13 15 18 21 23 24 26 29 30 32 35 37 38 45 
1 3 5 8 11 13 15 17 18 21 23 24 26 29 31 32 35 37 38 45 
3 5 6 8 11 13 15 17 18 21 23 24 29 31 32 35 37 38 45 57 
3 5 8 11 13 15 16 18 26 32 35 
5 6 8 11 13 15 18 23 24 26 29 31 32 35 37 38 45 52 
0 3 5 8 11 15 18 21 24 26 29 31 32 35 37 38 45 53 
1 3 5 7 8 11 13 17 18 21 23 26 29 31 33 35 37 38 45 56 
3 5 7 8 11 13 15 18 21 23 24 26 29 31 33 35 37 38 45 
1 3 5 8 11 13 15 17 18 21 23 24 26 29 31 33 35 37 38 45 
3 5 6 8 11 13 15 18 21 23 24 26 29 31 33 35 37 38 45 
0 3 5 7 8 11 13 15 17 18 39 
1 3 5 7 8 11 13 15 17 18 39 
1 3 5 7 8 11 13 15 16 21 23 24 26 29 31 33 35 37 39 52 
1 3 5 7 8 11 13 15 16 21 23 24 26 29 31 33 35 37 39 45 
0 3 5 7 8 11 13 15 21 23 24 26 29 31 33 35 37 39 54 
0 3 5 7 8 11 13 15 21 23 24 26 29 31 33 35 37 39 55 
1 3 5 7 8 11 13 15 16 18 21 23 24 26 28 31 33 35 37 39 45 
3 5 7 8 11 13 15 18 21 23 24 26 28 31 33 35 37 39 45 
0 3 5 7 8 11 13 15 18 21 23 24 26 28 30 33 35 37 39 45 
1 3 5 7 8 11 13 15 18 21 23 24 26 28 30 33 35 37 39 45 
1 3 5 7 8 11 13 15 16 18 21 23 24 26 28 31 33 35 37 38 45 
3 5 7 8 11 13 15 16 18 21 23 24 26 28 31 33 35 37 38 45 
3 5 7 8 11 13 15 17 18 21 23 24 26 28 31 33 35 37 38 45 53 
3 5 7 8 11 13 15 17 18 21 23 24 26 28 31 33 35 37 38 45 55 
3 5 7 8 11 13 15 17 18 21 23 24 26 28 31 33 35 37 38 45 
3 5 7 8 11 13 15 16 18 21 23 24 26 28 30 33 35 37 38 45 
3 5 7 8 11 13 15 17 18 21 23 24 26 28 30 33 35 37 38 45 
1 3 5 7 8 11 13 15 17 18 32 
1 3 5 7 8 11 13 15 16 18 22 28 
3 5 7 8 11 13 15 18 21 22 24 26 28 31 33 35 37 39 52 
3 5 7 8 11 13 15 18 21 22 24 26 28 31 33 35 37 39 45 
3 5 7 8 11 13 15 18 21 22 24 26 29 31 33 35 37 39 45 
3 5 7 8 11 13 15 18 21 22 24 26 28 30 33 35 37 39 45 
0 3 5 7 8 11 13 15 18 21 22 24 26 29 30 33 35 37 39 45 
1 3 5 7 8 11 13 15 18 21 22 24 26 29 30 33 35 37 39 45 
3 5 7 8 11 13 15 16 18 21 22 24 26 28 30 33 35 37 38 45 
3 5 7 8 11 13 15 17 18 21 22 24 26 28 30 33 35 37 38 53 
3 5 7 8 11 13 15 17 18 21 22 24 26 28 30 33 35 37 38 45 
3 5 7 8 11 13 15 16 18 21 22 24 26 29 30 33 35 37 38 45 
3 5 7 8 11 13 15 16 18 21 22 24 26 28 31 33 35 37 38 45 
3 5 7 8 11 13 15 17 18 21 22 24 26 28 31 33 35 37 38 45 
3 5 7 8 11 13 15 17 18 21 22 24 26 29 31 33 35 37 38 45 
3 5 7 8 11 13 15 17 18 21 22 24 26 29 30 33 35 37 38 45 
3 5 7 8 11 13 15 16 18 21 22 24 26 29 31 33 35 37 38 45 
0 3 5 7 8 11 13 15 16 18 36 
1 3 5 7 8 11 13 15 16 18 36 
0 3 5 7 8 11 13 15 17 18 36 
1 3 5 7 8 11 13 15 17 18 36 
1 3 5 7 8 11 13 15 16 18 21 23 24 26 28 31 33 35 37 38 52 
1 3 5 7 8 11 13 15 16 18 21 23 24 26 28 31 33 35 37 38 54 
1 3 5 7 8 11 13 15 16 18 31 35 
0 7 
7 
1 3 5 6 11 13 15 16 18 30 35 
0 3 5 6 11 13 15 16 18 30 35 
1 3 5 6 8 11 13 15 16 18 35 
0 3 5 6 8 11 13 15 16 18 35 
1 3 5 8 11 13 15 17 18 21 23 24 26 28 31 33 35 37 38 55 
1 3 5 6 8 11 13 15 17 18 35 
0 3 5 6 8 11 13 15 17 18 21 23 24 26 28 31 33 35 37 38 53 
0 3 5 6 8 11 13 15 17 18 35 
1 3 5 6 8 11 13 15 17 18 21 23 24 26 28 31 33 34 37 38 54 
1 17 
0 3 5 6 8 11 13 15 17 18 21 23 24 26 28 31 33 34 37 38 55 
17 
0 3 5 6 11 13 15 16 18 21 24 26 28 31 33 34 37 38 43 49 54 57 58 
0 5 8 11 13 15 18 21 23 24 26 28 31 33 34 37 40 57 
0 3 5 6 8 11 13 15 16 18 21 23 24 26 28 31 33 34 38 47 54 58 
3 5 8 11 13 15 18 21 23 24 26 28 31 33 34 37 38 50 
0 3 5 6 8 11 13 15 16 18 21 23 24 26 28 31 33 34 37 38 53 54 
5 8 11 13 15 18 21 23 24 26 28 31 33 34 37 38 43 49 57 58 
0 3 5 6 8 11 13 15 16 18 23 24 26 28 31 33 34 37 38 47 52 58 
0 3 5 6 11 13 15 16 18 21 23 24 26 28 31 33 37 38 47 52 
0 3 5 6 8 11 13 15 16 18 21 23 24 26 28 31 33 34 37 38 52 59 
0 3 5 6 8 11 13 15 16 18 21 23 24 26 28 31 33 34 37 38 59 
0 6 8 11 13 15 18 21 23 24 26 28 31 33 34 37 38 49 53 56 
0 3 5 6 8 11 13 15 16 18 23 24 26 28 31 33 34 37 38 55 56 58 
0 3 5 6 8 11 13 16 18 21 23 24 26 28 31 33 34 37 38 56 
0 3 6 8 11 15 16 18 21 22 24 26 28 31 33 34 37 38 56 
0 3 5 6 8 11 13 15 16 21 22 
3 5 6 8 11 13 15 16 18 23 29 
0 3 5 6 8 11 13 15 16 18 30 
0 5 6 8 11 15 18 21 23 24 26 28 31 33 34 37 39 54 58 
3 5 6 8 11 13 15 18 21 23 24 26 28 31 33 37 39 52 58 
3 5 6 8 11 15 18 21 23 24 26 28 31 33 34 37 39 58 
0 3 5 11 13 15 16 18 21 23 24 26 28 31 33 34 37 39 46 
0 5 6 8 11 13 15 16 18 21 39 
1 3 5 6 8 11 13 15 16 22 28 
1 3 5 6 8 11 13 15 16 18 31 39 
1 3 5 6 8 11 13 15 16 18 39 
3 5 6 8 11 13 15 16 18 21 23 24 26 28 30 34 37 38 47 59 
1 3 5 6 8 13 16 18 21 23 24 26 28 30 33 34 37 38 59 
1 3 5 6 8 11 13 15 16 18 30 
1 15 
3 6 8 11 13 15 16 18 21 23 24 26 28 31 32 34 37 38 53 58 
0 3 5 11 13 15 16 18 21 23 24 26 28 31 32 34 37 38 58 
0 3 5 6 8 13 15 16 18 21 32 
0 3 6 8 11 13 15 18 21 23 25 26 28 31 33 34 37 38 55 
0 5 6 8 11 13 15 18 21 23 25 26 28 31 33 34 37 38 57 
0 3 5 6 8 11 13 15 18 21 23 25 26 28 31 33 34 37 38 59 
0 3 5 6 8 11 13 15 18 21 25 
0 3 5 6 8 11 13 15 16 18 36 
3 6 8 11 13 16 18 23 24 26 28 31 33 34 37 38 41 45 57 
3 5 6 8 11 13 15 18 20 22 25 26 28 31 32 34 37 39 58 
3 6 8 11 15 18 20 22 26 28 31 34 37 39 40 42 44 48 56 59 
3 6 8 11 13 15 18 20 22 25 26 28 31 32 34 37 39 40 47 
3 6 8 13 15 18 20 22 25 26 28 31 32 34 37 39 40 
3 5 6 8 11 13 15 18 22 31 39 
3 5 8 11 13 15 16 18 20 23 25 26 28 31 32 34 37 39 54 
0 3 5 6 8 11 13 15 16 18 23 25 26 28 31 34 37 39 42 46 56 
0 3 5 6 8 11 13 15 16 18 20 23 25 26 28 31 34 37 39 46 56 
0 3 5 6 8 11 13 15 16 18 20 23 25 26 28 31 32 34 37 39 56 
0 3 6 8 13 15 16 18 25 32 39 
3 5 6 8 11 13 15 16 18 20 23 25 26 28 31 32 34 37 38 43 
0 5 6 8 13 15 16 18 20 23 25 26 28 31 32 34 38 47 57 
0 3 5 6 8 11 13 15 16 18 32 
0 3 5 6 8 11 13 15 16 18 25 
0 3 5 6 8 11 15 16 18 20 23 24 26 28 31 33 34 37 38 52 59 
0 3 5 6 8 11 13 15 16 18 20 23 24 26 28 31 33 34 37 38 59 
0 3 5 6 8 11 13 15 16 18 20 23 24 26 28 31 33 34 37 38 53 
0 3 5 6 8 11 13 15 16 18 20 23 24 26 28 31 33 34 37 38 55 
0 3 5 6 8 11 13 15 16 18 20 
0 3 6 11 13 15 16 18 21 23 24 27 28 31 33 34 37 38 57 
0 3 5 6 13 15 16 18 21 27 31 
0 5 6 8 11 12 15 16 18 20 22 28 31 32 34 36 38 44 56 58 
0 5 6 8 11 12 15 16 18 20 36 
0 3 5 6 8 11 12 15 18 25 32 
12 
0 2 5 6 8 11 13 15 16 18 25 27 
2 
0 3 5 8 11 13 14 18 20 22 24 27 28 31 33 34 37 38 59 
0 3 5 8 11 13 14 18 20 22 27 
0 3 5 6 8 11 13 14 18 20 27 
1 3 5 8 11 13 14 16 18 24 27 34 
1 3 5 8 11 13 14 16 18 20 24 27 
1 3 5 8 11 13 14 16 18 20 23 25 27 28 31 33 35 37 38 52 
1 3 5 8 11 13 14 16 18 20 23 25 27 28 31 33 35 37 38 46 54 
1 3 5 8 11 13 14 16 18 20 23 25 27 28 31 33 35 37 38 58 
1 3 5 8 11 13 18 20 23 25 27 28 31 33 35 37 38 54 
1 3 5 8 11 13 14 18 20 27 35 38 
1 3 5 8 11 13 14 18 20 23 25 27 28 31 33 34 37 38 53 56 
1 3 5 8 11 13 14 18 20 23 25 27 28 31 33 34 37 38 47 
1 3 5 6 8 11 13 14 16 18 27 33 
1 3 5 6 8 11 13 14 16 18 27 
3 6 8 13 14 16 18 21 23 25 27 28 31 32 34 37 38 55 
0 3 5 6 8 11 13 14 16 18 21 32 
0 3 5 6 8 14 16 18 21 23 25 27 28 31 33 34 37 38 59 
0 3 5 6 8 11 14 16 18 25 27 
0 3 5 6 8 11 14 16 18 21 27 
1 5 8 11 13 14 16 18 20 23 24 26 28 31 33 34 37 38 41 56 58 
1 3 5 8 11 13 14 18 20 23 24 26 28 31 33 34 37 38 40 56 
1 3 6 8 11 13 14 16 18 20 23 24 26 28 31 33 34 37 38 54 56 
1 3 5 6 8 11 13 14 18 20 23 24 26 28 31 34 37 38 55 56 
1 3 6 8 11 13 14 16 18 20 23 24 26 28 31 33 34 38 52 59 
1 3 5 6 8 11 14 16 18 20 23 24 26 28 31 33 34 37 38 59 
1 3 5 6 8 11 13 14 16 18 20 
0 3 5 6 8 11 13 14 16 18 20 
3 5 6 8 11 14 18 21 23 24 26 31 33 34 37 38 43 46 49 53 58 
3 5 8 11 13 14 18 21 23 24 26 28 31 33 34 37 38 43 49 58 
1 3 5 8 11 13 14 16 18 21 23 24 26 28 31 33 34 37 38 47 58 
1 3 5 8 11 13 16 18 21 23 24 26 28 31 33 34 37 38 50 
1 3 5 6 8 11 13 14 16 18 21 23 24 26 28 31 33 34 37 38 52 
1 3 5 6 8 11 13 14 16 18 21 23 24 26 28 31 33 34 37 38 40 
1 3 5 6 11 13 14 16 18 21 23 24 26 28 31 33 34 37 38 53 54 
3 5 6 8 11 13 14 16 18 21 23 24 26 28 31 33 34 37 38 47 
1 3 5 6 8 11 13 14 16 18 21 23 24 26 28 31 33 34 37 38 59 
3 5 8 11 13 16 18 21 23 24 26 31 33 34 37 38 49 53 56 
1 3 5 8 11 13 16 18 21 23 24 26 29 31 33 34 37 38 48 
1 3 5 6 8 16 18 23 24 26 29 31 33 34 37 38 55 56 58 
3 5 8 11 13 14 18 21 23 24 26 29 31 33 34 37 38 47 56 
3 5 6 8 11 13 14 18 21 23 24 26 29 31 33 34 37 38 40 
3 5 8 11 13 14 16 18 21 23 24 26 29 31 33 34 37 38 56 
1 3 5 6 8 11 13 14 16 18 21 23 24 26 29 31 33 34 37 38 52 
1 5 6 8 11 13 14 16 18 21 29 34 
1 3 5 8 11 13 14 16 18 22 28 
1 3 5 6 8 11 13 16 18 22 35 
1 5 6 8 11 13 14 16 18 21 23 24 26 29 31 33 35 37 38 54 
1 3 5 6 8 11 13 14 16 18 29 
1 3 5 6 8 11 13 14 16 18 35 
1 3 5 6 8 11 13 16 18 30 34 
3 5 6 8 11 14 18 23 24 26 31 33 34 37 39 52 55 56 58 
3 5 8 11 14 18 21 23 24 26 28 31 33 34 37 39 56 58 
3 5 8 11 14 18 21 23 24 26 28 31 33 34 37 39 56 
1 3 5 8 11 13 14 18 21 23 24 26 28 31 33 34 37 39 54 
3 5 8 11 13 14 16 18 21 23 24 26 28 31 33 34 37 39 40 52 
1 3 5 6 8 11 13 14 18 21 23 24 26 28 31 33 34 37 39 52 
1 3 5 6 8 11 13 14 16 18 34 39 
1 5 6 8 11 14 16 18 21 23 24 26 28 31 32 34 37 38 47 53 
1 5 6 8 11 14 16 18 21 23 24 26 28 31 32 34 37 38 53 59 
1 3 5 6 8 13 14 16 18 21 32 
1 3 5 6 8 11 13 14 18 21 23 25 26 28 31 33 34 37 38 46 
1 3 5 6 8 11 13 14 16 18 25 
1 3 5 6 8 11 13 16 18 21 26 28 33 34 36 38 47 52 57 59 
1 3 5 6 8 11 13 18 21 23 24 26 28 31 33 34 36 49 59 
1 3 5 6 8 11 13 14 16 18 34 36 
0 3 5 8 11 13 14 16 18 21 22 25 29 30 33 36 42 44 46 48 59 
3 5 6 8 11 13 16 18 22 34 36 
3 5 6 8 13 14 18 21 23 26 29 30 34 36 39 43 46 59 
3 6 8 11 13 14 18 21 23 25 26 29 30 34 36 39 46 48 52 59 
3 5 6 8 11 13 14 18 21 23 25 26 29 30 34 36 39 48 52 59 
3 5 8 13 14 18 21 23 25 26 29 30 33 34 36 39 52 
0 8 11 13 14 18 25 29 30 34 36 
3 5 8 11 13 14 16 18 25 30 36 
0 3 5 6 8 13 14 18 25 33 36 
0 3 5 6 8 11 13 16 18 34 36 
0 3 5 6 8 13 14 18 21 23 24 26 28 31 33 35 36 39 47 
0 3 5 6 8 11 13 14 16 18 36 
0 3 5 6 8 11 13 14 16 18 39 
3 5 6 8 11 13 14 16 18 21 23 24 26 28 31 33 35 37 38 59 
0 3 5 6 8 11 13 14 16 18 35 
0 3 5 6 11 13 14 16 18 21 23 24 26 28 31 33 34 37 38 53 54 
0 3 5 8 11 13 14 16 18 21 23 26 28 31 33 37 38 40 46 53 55 
0 5 8 11 13 14 18 21 23 26 28 31 33 34 37 38 40 46 55 58 
3 5 8 11 13 14 18 21 23 24 26 28 31 33 34 37 38 40 57 
0 3 5 6 8 11 13 14 16 18 21 23 24 26 28 31 33 34 37 38 54 
0 3 5 6 8 11 13 14 16 18 21 23 24 26 28 31 33 34 37 38 52 
0 3 5 6 8 11 13 14 16 18 21 23 24 26 28 31 33 34 37 38 59 
3 5 6 8 11 13 14 18 23 24 26 29 31 33 34 37 38 47 52 55 
0 5 6 8 11 13 14 16 18 21 23 24 26 29 31 33 34 38 52 55 
0 3 5 6 8 11 13 14 16 18 29 34 
0 3 5 6 8 11 13 14 16 18 22 
0 3 5 6 8 11 14 18 21 23 24 26 28 30 33 34 37 38 52 54 
0 3 6 8 11 13 14 16 18 21 23 24 26 28 30 33 34 37 38 52 
0 3 5 6 8 11 13 14 16 18 30 34 
3 5 8 11 13 14 18 21 23 25 26 28 31 33 34 37 38 40 55 56 
3 5 8 11 13 14 18 21 23 25 26 28 31 33 34 37 38 40 47 48 
0 3 6 8 11 13 14 16 18 21 25 28 31 33 34 37 38 40 47 56 
0 3 5 6 8 11 13 14 18 21 23 25 26 28 31 37 38 40 56 58 
0 3 6 8 11 13 14 16 18 21 23 25 26 28 31 33 37 38 54 56 58 
0 3 5 6 8 11 13 14 16 18 21 23 25 26 31 33 34 38 55 56 58 
0 3 6 8 11 13 14 16 18 21 23 25 26 28 31 33 37 38 49 58 
0 3 5 6 8 11 13 14 18 21 23 25 26 28 31 33 34 37 38 48 
0 3 6 8 11 13 14 16 18 21 23 25 26 28 31 33 34 37 38 46 
0 3 5 6 8 11 13 14 16 18 25 
1 3 4 6 8 11 13 16 18 20 23 25 26 28 31 33 34 37 38 57 
1 3 4 6 8 11 13 14 16 18 20 23 25 26 28 31 33 34 37 38 47 56 
1 3 4 6 8 11 13 16 18 20 23 25 26 28 31 33 34 37 38 55 
1 3 6 8 11 14 16 18 20 23 25 26 28 31 33 34 38 46 54 56 
1 3 6 8 11 13 16 18 20 23 26 28 31 35 37 38 52 56 59 
1 3 4 6 8 11 13 16 18 20 23 25 26 28 31 33 35 37 38 56 
1 3 4 6 8 11 14 16 18 25 35 
1 3 4 8 11 13 14 18 20 25 29 
1 3 4 8 11 13 14 16 18 22 25 
1 3 4 6 8 14 16 18 25 30 38 
3 4 6 8 11 14 16 18 20 22 24 26 29 30 33 35 37 38 55 
3 4 8 11 14 16 18 20 22 24 26 29 30 33 35 37 38 47 
1 3 6 8 11 13 14 16 18 20 22 24 26 29 30 33 35 38 54 59 
1 3 6 8 11 13 14 22 29 30 35 
1 3 4 6 8 11 13 14 18 20 22 24 26 29 30 33 34 37 38 53 
1 3 4 6 8 11 14 16 18 22 29 30 
1 4 6 8 13 14 16 18 20 22 24 26 28 30 33 34 37 38 54 58 
1 4 6 8 11 13 14 16 18 20 22 24 26 28 30 33 34 37 38 58 
1 4 6 8 13 14 16 18 20 22 24 26 28 30 33 34 37 38 46 52 
1 4 6 8 11 14 16 18 20 22 24 26 28 30 33 34 37 38 52 
1 3 4 6 8 11 13 14 16 18 22 
1 3 4 6 8 11 13 14 16 18 30 
1 3 4 6 8 11 13 14 16 18 20 23 24 26 28 31 33 34 37 38 47 
1 3 4 8 11 13 14 16 18 20 23 24 26 28 31 33 34 37 38 53 
1 4 
4 14 
0 3 4 8 11 13 15 18 20 23 24 26 28 31 33 34 37 38 55 58 
3 4 6 8 11 13 15 16 18 31 38 
3 4 8 11 13 15 18 23 24 30 38 
0 3 4 8 11 13 15 18 20 23 25 26 28 30 33 34 37 38 57 58 
3 4 8 11 13 15 18 20 23 25 26 28 30 33 34 37 38 57 
4 13 
