169 
41 
25 35 
45 
19 243 
159 197 
147 159 
47 217 
69 249 
99 159 
217 249 
143 159 
159 267 
35 109 
7 135 
187 207 
7 77 
217 243 
91 243 
181 243 
243 
187 225 
149 187 
9 187 
27 187 245 
27 133 187 
85 247 261 
167 247 261 
247 261 265 
93 247 261 
201 247 
7 27 187 
7 105 187 
7 89 187 
7 129 187 
7 21 71 
7 21 241 
7 139 187 
137 187 261 
187 231 261 
187 199 261 
187 221 261 
187 233 267 
7 17 187 
7 171 219 
21 161 187 
7 109 
7 21 
7 219 
87 247 
7 95 
7 37 239 
7 83 161 
7 161 235 
7 235 263 
7 237 263 
7 59 263 
7 57 263 
7 166 
7 263 275 
7 73 263 
7 115 215 
7 215 263 
7 189 263 
7 263 
33 53 274 
33 111 247 
33 39 247 
33 39 188 
39 151 188 
39 188 263 
39 263 267 
253 267 269 
1 269 
267 269 
15 114 155 
114 155 246 
155 274 
155 267 
246 267 
0 115 267 
0 267 275 
267 275 
162 247 
154 162 
167 237 
214 237 
166 214 
37 154 166 
1 154 215 
188 246 
188 275 
15 115 247 
15 247 263 
15 114 263 
58 64 223 
64 214 262 
214 222 
150 249 
37 249 
37 151 262 
151 214 262 
55 151 214 
36 151 214 
36 54 214 
36 119 214 
129 223 
129 138 
75 129 170 
129 170 195 
129 191 
58 139 150 
55 139 191 
55 74 
74 119 150 
74 150 
150 222 
174 223 
166 274 
166 223 
59 154 
154 194 
54 154 
58 60 
60 
124 195 
59 195 
54 80 
80 155 
80 263 
80 215 
80 115 
36 80 
80 221 
80 275 
80 246 
80 266 
15 220 
15 274 
118 247 
114 118 
115 147 246 
147 246 
52 164 273 
0 164 
0 53 114 
53 214 
100 223 268 
100 153 223 
37 269 
207 214 221 
207 214 
115 220 
220 246 
14 191 225 
114 215 
14 215 262 
14 154 215 
37 223 239 
58 239 
0 178 
118 178 
1 36 
0 217 
143 215 
0 115 143 
37 73 
73 214 
30 36 189 
30 189 
118 263 274 
115 118 274 
14 115 118 
55 262 265 
214 262 265 
214 265 
54 118 214 
118 155 214 
154 231 
7 115 275 
0 106 167 
106 
1 115 118 
71 262 
71 160 
246 270 
118 272 
122 214 
37 154 253 
154 214 254 
125 130 214 
154 190 214 
56 192 
192 252 
57 214 
115 144 
42 55 195 
27 
12 37 
55 214 276 
154 171 
37 172 
182 
126 275 
2 214 263 
2 214 
35 246 
55 195 210 
39 115 
62 138 
99 115 246 
69 275 
15 66 
55 93 262 
246 258 
197 246 
91 246 
161 262 
56 159 173 
133 154 
48 58 
33 214 262 
15 33 214 
214 233 
120 214 
95 214 
154 161 
25 167 205 
25 167 
37 204 
187 246 263 
115 187 246 
83 
149 214 
137 214 262 
137 154 214 
214 219 
21 58 
167 214 261 
102 246 
37 87 
116 214 
9 37 
115 250 
241 262 
160 241 
77 167 195 
135 167 
111 263 
214 226 
112 214 
235 
17 55 223 
201 214 
118 156 167 
15 181 
109 214 
78 214 
105 214 223 
111 115 
208 246 
37 202 
19 
50 175 214 
246 256 
4 223 
22 52 170 
58 228 262 
55 58 228 
199 214 
47 214 
140 223 
58 85 195 
115 152 
55 93 
212 
96 167 214 
176 214 
89 214 
10 167 
0 156 250 
0 7 156 
7 187 275 
0 272 
143 246 
187 246 
7 153 275 
7 
246 274 
0 114 263 
66 246 
114 246 263 
1 15 263 
33 55 214 
99 
1 15 
181 246 
14 155 262 
1 155 
75 156 
156 223 
74 214 
151 214 
150 190 214 
162 170 
137 223 
15 214 253 
214 253 
150 231 
133 214 
214 254 
42 195 
214 276 
33 214 
58 228 
178 
250 275 
39 275 
272 
144 246 
111 275 
217 
20 48 
5 22 198 
42 150 
85 
150 162 
223 228 
17 214 
150 241 
93 139 223 
93 150 
124 161 214 
150 161 
59 214 
194 214 
171 214 
36 262 
87 125 
172 214 
12 
204 214 
214 269 
9 214 
202 214 
69 110 153 
103 153 256 
0 153 256 
258 
126 143 
35 
143 
250 
270 
102 
80 
187 
147 
188 
220 
0 267 
0 274 
91 189 
15 247 
197 
146 208 
152 
0 181 
181 266 
153 181 
267 
55 126 
66 189 
144 266 
111 266 
39 
37 215 262 
55 265 
154 190 
207 223 
37 109 167 
78 195 
2 119 195 
0 53 223 
176 195 223 
58 89 223 
167 191 261 
37 191 225 
55 195 276 
37 122 191 
58 125 130 
37 57 
120 195 
37 138 149 
95 
58 233 
37 151 154 
219 223 
50 88 167 
96 
116 167 
154 199 223 
37 58 201 
37 195 226 
47 119 
37 112 154 
58 105 138 
32 191 254 
191 223 254 
33 37 154 
37 47 
109 167 173 
58 172 
125 191 225 
122 191 
55 73 
58 204 
195 202 
9 125 
154 253 
2 195 
57 125 
149 
151 154 
58 112 
58 125 201 
167 195 226 
33 55 195 
47 125 
26 42 50 
78 88 162 
26 78 140 
26 78 
249 
73 93 156 
116 
133 
50 
237 
73 
53 57 
57 
93 161 
32 161 219 
26 64 225 
32 122 
32 113 225 
32 113 201 
113 120 
32 199 219 
32 228 
17 32 202 
172 
113 199 202 
32 226 
32 202 
32 239 
32 276 
32 171 269 
32 171 176 
32 124 171 
32 166 171 
32 139 171 
75 171 190 
58 171 190 
171 190 223 
100 138 
210 
160 162 
64 138 
36 58 171 
118 171 191 
32 140 160 
138 207 
32 265 
89 138 
138 167 261 
53 118 
28 138 
32 125 130 
4 198 
231 
32 137 
42 138 
77 138 203 
21 125 138 
138 233 
58 64 
64 191 
42 75 
124 176 191 
139 191 269 
124 139 191 
124 191 
166 191 
170 176 191 
191 269 
75 139 191 
118 139 191 
74 223 
58 190 
75 166 
75 124 
190 223 
32 269 
64 75 92 
32 75 176 
75 139 
88 167 174 
32 100 177 
88 167 278 
62 177 
32 167 176 
64 177 
118 156 
64 170 238 
32 125 176 
25 177 
10 175 
109 125 
174 177 
177 278 
32 176 
109 113 
124 139 167 
89 118 177 
26 113 261 
55 190 
55 59 
55 222 
55 194 
28 170 177 
130 234 268 
42 170 277 
77 177 
21 177 
177 233 
124 161 170 
161 166 170 
118 161 170 
161 
32 93 
17 138 
17 167 170 
17 125 170 
17 170 
138 199 
105 
138 219 
138 254 
167 204 
138 171 253 
2 138 171 
37 118 190 
112 138 171 
42 88 
42 
26 64 
113 122 
97 219 269 
26 97 219 
113 140 
113 228 
93 113 
17 113 
113 239 
113 226 
113 199 
113 276 
89 113 
135 175 
225 
252 265 
25 238 
100 198 238 
62 118 238 
113 137 
113 202 
113 269 
113 201 238 
26 113 174 
88 278 
124 138 171 
138 166 171 
28 88 
21 167 
21 125 
21 238 
26 77 227 
88 233 238 
33 138 166 
33 75 118 
177 254 
113 170 254 
88 113 254 
113 171 204 
113 204 
9 113 
113 170 253 
113 253 
2 113 
88 228 
120 
88 140 
122 
87 234 
88 226 
88 276 
109 238 
88 137 
202 
269 
201 234 238 
88 174 
112 171 177 
112 125 
26 54 261 
17 88 
93 277 
88 199 
97 140 
93 104 
228 
17 
199 
226 
239 
278 
137 
28 
16 233 238 
89 170 
170 238 254 
88 238 254 
238 254 
204 238 
9 
253 
2 
37 118 151 
37 54 118 
37 118 155 
32 119 124 
32 119 166 
119 139 170 
138 156 
0 53 138 
14 36 74 
14 36 59 
14 36 194 
14 36 151 
36 75 171 
171 195 
14 36 215 
15 33 195 
15 33 58 
33 37 170 
33 75 170 
33 170 191 
33 119 170 
0 53 88 
119 166 177 
119 166 
119 176 
36 139 191 
33 36 191 
33 75 
33 191 
33 37 
